0.0000
0.0000
0.0000
0.0000
0.0000
0.0000
0.0000
0.0000
0.0000
0.0000
0.0000
0.0000
0.0000
0.0000
0.0000
0.0000
0.0000
0.0000
0.0000
0.0000
0.0000
0.0000
0.0000
0.0000
0.0000
0.0000
0.0000
0.0000
0.0000
0.0000
0.0000
0.0000
0.0000
0.0000
0.0000
0.0000
0.0000
0.0000
0.0000
0.0000
0.0000
0.0000
0.0000
0.0000
0.0000
0.0000
0.0000
0.0000
0.0000
0.0000
0.0000
0.0000
0.0000
0.0000
0.0000
0.0000
0.0000
0.0000
0.0000
0.0000
0.0000
0.0000
0.0000
0.0000
0.0000
0.0000
0.0000
0.0000
0.0000
0.0000
0.0000
0.0000
0.0000
0.0000
0.0000
1.6015
1.9550
2.5964
2.7413
2.6714
2.6384
2.9284
2.9050
3.0601
3.1611
3.3193
3.3522
3.4771
3.3708
3.4235
3.4183
3.4986
3.6311
3.6234
3.6394
3.6484
3.6574
3.6757
3.7572
3.7559
3.7214
3.7669
3.7569
3.7318
3.7391
3.7638
3.8148
3.8011
3.8222
3.7707
3.7607
3.7929
3.6691
3.4869
3.4679
3.4763
3.4877
3.2431
3.1685
3.1386
3.1460
3.1001
3.1192
3.0705
3.0914
3.0564
3.0464
3.0510
3.0283
2.9959
2.9964
2.9658
2.9573
2.9890
2.9708
2.9636
2.9901
3.0166
3.1426
3.1085
3.2526
3.2278
3.3262
3.2734
3.2734
3.2577
3.2768
3.2768
3.2565
3.3049
3.4321
3.3454
3.3618
3.3538
3.3184
3.3331
3.3582
3.3582
3.3582
3.2284
0.0000
0.0000
0.0000
0.0000
0.0000
0.0000
0.0000
0.0000
0.0000
0.0000
0.0000
0.0000
0.0000
0.0000
0.0000
0.0000
0.0000
0.0000
0.0000
0.0000
0.0000
0.0000
0.0000
0.0000
0.0000
0.0000
0.0000
0.0000
0.0000
0.0000
0.0000
0.0000
0.0000
0.0000
0.0000
0.0000
0.0000
0.0000
0.0000
0.0000
0.0000
0.0000
1.5338
1.7578
1.8680
2.0615
2.0147
2.1255
2.2523
2.3344
2.3003
2.3087
2.3922
2.6467
2.7354
2.7951
2.8485
2.8706
2.9507
3.0277
3.0958
3.0791
3.0759
3.0887
3.1089
3.2312
3.2116
3.2236
3.2745
3.2985
3.3332
3.4402
3.5113
3.5228
3.6577
3.6643
3.6878
3.6503
3.7156
3.6887
3.7419
3.8002
3.7397
3.7147
3.7519
3.7446
3.7446
3.7446
3.7494
3.7629
3.8132
3.7686
3.7819
3.7834
3.7885
3.7988
3.8074
3.8704
3.8213
3.8318
3.8543
3.9008
3.8518
3.8595
3.8602
3.8626
3.8644
3.8668
3.8940
3.8941
3.9332
3.9769
4.0413
3.9965
4.0678
4.0726
4.0727
4.0635
4.0671
4.0708
4.0927
4.0890
4.1147
4.1439
4.1074
4.1104
4.1149
4.1204
4.1407
4.1548
4.1671
4.2079
4.2168
4.3150
4.2295
4.3011
4.3207
4.2907
4.2966
4.3492
4.3714
4.3628
4.3787
4.3937
4.4491
4.4299
4.4326
4.4418
4.4565
4.4581
4.4615
4.4615
4.4615
4.4621
4.4725
4.4971
4.5001
4.5025
4.5070
4.5163
4.5187
4.5204
4.5221
4.5255
4.5858
4.5063
4.5061
4.4489
4.4280
4.4406
4.4159
4.3553
4.1810
4.2156
4.1409
4.2075
4.1229
4.1049
4.1483
4.0907
4.1499
4.1525
4.3326
4.4693
4.5339
4.5955
4.6926
4.6769
4.7081
4.7673
4.7035
4.7907
4.7607
4.7389
4.6885
4.7183
4.7512
4.6644
4.6941
4.6934
4.6498
4.6792
4.6756
4.6459
4.6417
4.6912
4.8030
4.6089
4.6628
4.6133
4.6248
4.5875
4.6925
4.6983
4.6196
4.5670
4.5157
4.4984
4.3953
4.3623
4.2927
4.3353
4.2492
4.1535
3.6849
3.7930
3.7036
3.3591
3.4681
3.4654
3.1940
3.3577
3.3273
3.3926
3.3943
3.3962
3.4058
3.4318
3.4186
3.4206
3.4204
3.1895
3.0741
3.0642
3.1604
3.2204
3.2594
3.2478
3.1929
3.1925
3.1479
3.1340
3.0404
3.0914
3.0045
2.9949
2.8999
2.9322
2.9194
2.9236
2.8938
2.9462
2.9189
2.8328
2.7676
2.7956
2.7834
2.7484
2.6192
2.5913
2.6717
2.7464
2.7678
2.7832
2.7153
2.6351
2.5082
2.4699
2.4446
2.4258
2.4721
2.4730
2.3776
2.3256
2.2999
2.3440
2.3325
2.3243
2.2871
2.3139
2.3004
2.2326
2.2820
2.2688
2.2627
2.1943
2.2547
2.2495
2.2445
2.2425
2.1552
2.1755
2.1752
2.2531
2.2447
2.2240
2.2231
2.2162
2.2171
2.2171
2.2187
2.2248
2.2441
2.2952
2.3111
2.2757
2.2917
2.3095
2.3909
2.4132
2.4627
2.4033
2.4221
2.4983
2.4628
2.4809
2.5283
2.4998
2.5116
2.5347
2.6129
2.5620
2.5806
2.6025
2.6719
2.6211
2.6240
2.6721
2.6527
2.6538
2.7210
2.6619
2.6967
2.6946
2.6659
2.6659
2.6659
2.6659
2.6659
2.6659
2.6659
2.6659
2.6659
2.6659
2.6659
2.6657
2.6657
2.6657
2.6657
2.6657
2.6657
2.6657
2.6657
2.6657
2.6677
2.6945
2.7393
2.7378
2.7347
2.6861
2.6093
2.6635
2.6634
2.6634
2.6600
2.6587
2.5909
2.6127
2.6253
2.6312
2.6404
2.6552
2.7306
2.7587
2.7344
2.7417
2.7092
2.7223
2.7184
0.0000
0.0000
0.0000
0.0000
0.0000
0.0000
0.0000
0.0000
0.0000
0.0000
0.0000
0.0000
0.0000
0.0000
0.0000
0.0000
0.0000
0.0000
0.0000
0.0000
0.0000
0.0000
0.0000
0.0000
0.0000
0.0000
0.0000
0.0000
0.0000
0.0000
0.0000
0.0000
0.0000
0.0000
0.0000
0.0000
0.0000
0.0000
0.0000
0.0000
0.0000
0.0000
0.0000
0.0000
0.0000
0.0000
0.0000
0.0000
0.0000
0.0000
0.0000
0.0000
0.0000
0.0000
0.0000
0.0000
0.0000
0.0000
0.0000
0.0000
0.0000
0.0000
0.0000
0.0000
0.0000
0.0000
0.0000
0.0000
0.0000
0.0000
0.0000
0.0000
0.0000
0.0000
0.0000
0.0000
0.0000
0.0000
0.0000
0.0000
0.0000
0.0000
0.0000
0.0000
0.0000
0.0000
0.0000
0.0000
0.0000
0.0000
0.0000
0.0000
0.0000
0.0000
0.0000
0.0000
0.0000
0.0000
0.0000
0.0000
0.0000
0.0000
0.0000
0.0000
0.0000
0.0000
0.0000
0.0000
0.0000
0.0000
0.0000
0.0000
0.0000
0.0000
0.0000
0.0000
0.0000
0.0000
0.0000
0.0000
0.0000
0.0000
0.0000
0.0000
0.0000
0.0000
0.0000
0.0000
0.0000
0.0000
0.0000
0.0000
0.0000
0.0000
0.0000
0.0000
