0.0000
0.0000
0.0000
0.0000
0.0000
0.0000
0.0000
0.0000
0.0000
0.0000
0.0000
0.0000
0.0000
0.0000
0.0000
0.0000
0.0000
0.0000
0.0000
0.0000
0.0000
0.0000
0.0000
0.0000
0.0000
0.0000
0.0000
0.0000
0.0000
0.0000
0.0000
0.0000
0.0000
0.0000
0.0000
0.0000
0.0000
0.0000
0.0000
0.0000
0.0000
0.0000
0.0000
0.0000
0.0000
0.0000
0.0000
0.0000
0.0000
0.0000
0.0000
0.0000
0.0000
0.0000
0.0000
0.0000
0.0000
0.0000
2.4302
2.3241
2.3679
2.4526
2.4735
2.4875
2.4939
2.4972
2.5154
2.5009
2.5079
2.5267
2.6060
2.5967
2.6264
2.6758
2.7219
2.7797
2.7704
2.7953
2.8307
2.8063
2.8083
2.8181
2.8375
2.8712
2.9550
2.9619
2.9699
3.0514
3.0792
3.0831
3.1176
3.1071
3.1090
3.1141
3.1780
3.1936
3.1712
3.2338
3.2443
3.2625
3.3163
3.3560
3.3239
3.3276
3.4073
3.3796
3.3809
3.3968
3.4738
3.4297
3.4570
3.4637
3.5297
3.5075
3.5348
3.5328
3.5942
3.5693
3.5925
3.6315
3.7687
3.7298
3.7372
3.7748
3.7474
3.7850
3.7742
3.7803
3.8089
3.8117
2.9867
2.9746
2.9330
2.9229
2.9272
2.9510
2.9086
2.8879
2.9309
2.8892
2.8162
2.7500
2.7775
2.6496
2.7057
2.6801
2.7446
2.6391
2.6595
2.6601
2.6124
2.5859
2.5664
2.6365
2.6055
2.5388
2.6280
2.7767
2.7931
2.8456
2.9448
2.9518
2.9383
2.9362
2.9353
2.9339
3.0211
2.9560
3.0835
3.0040
3.0031
2.9911
2.8814
0.0000
0.0000
0.0000
0.0000
0.0000
0.0000
0.0000
0.0000
0.0000
0.0000
0.0000
0.0000
0.0000
0.0000
0.0000
0.0000
0.0000
0.0000
0.0000
0.0000
0.0000
1.8433
2.2538
2.2465
2.6764
3.0930
3.6139
3.8442
3.8430
3.8459
3.8473
3.8473
3.8473
3.8426
3.5479
3.6620
3.5936
3.5487
0.0000
0.0000
0.0000
0.0000
0.0000
0.0000
0.0000
0.0000
0.0000
0.0000
0.0000
0.0000
0.0000
0.0000
0.0000
0.0000
0.0000
0.0000
0.0000
0.0000
0.0000
0.0000
0.0000
0.0000
0.0000
0.0000
0.0000
0.0000
0.0000
0.0000
0.0000
0.0000
0.0000
0.0000
0.0000
0.0000
0.0000
0.0000
0.0000
0.0000
0.0000
0.0000
0.0000
0.0000
0.0000
0.0000
0.0000
0.0000
0.0000
0.0000
0.0000
0.0000
0.0000
0.0000
0.0000
0.0000
0.0000
0.0000
0.0000
0.0000
0.0000
0.0000
0.0000
0.0000
0.0000
0.0000
0.0000
0.0000
0.0000
0.0000
0.0000
0.0000
0.0000
0.0000
0.0000
0.0000
0.0000
0.0000
0.0000
0.0000
0.0000
0.0000
0.0000
0.0000
0.0000
0.0000
1.5574
1.5155
1.5905
1.6840
1.6875
1.7728
1.8567
1.8331
1.8834
1.8468
1.8857
1.8897
1.8713
1.8738
1.9509
2.0218
2.0719
2.0962
2.1538
2.1359
2.1889
2.2253
2.3473
2.3728
2.3692
2.4429
2.4395
0.0000
0.0000
0.0000
0.0000
0.0000
0.0000
2.3668
2.3878
2.6147
2.5990
2.5862
2.6028
2.7104
2.6640
2.6863
2.8587
2.9863
2.8715
2.8773
2.8982
2.8898
2.9082
2.9229
2.9484
2.9764
2.9923
3.0389
3.0888
3.1330
3.1610
3.0874
3.1039
3.2009
3.1320
3.2017
3.1451
3.1554
3.1918
3.1780
3.2327
3.2194
3.2329
3.2460
3.3432
3.3165
3.2714
3.2864
3.1982
3.2118
3.2441
3.2814
3.2491
3.2432
3.1889
3.0496
2.9737
2.8861
2.7411
0.0000
0.0000
0.0000
0.0000
0.0000
0.0000
0.0000
0.0000
0.0000
0.0000
0.0000
0.0000
0.0000
0.0000
0.0000
0.0000
0.0000
0.0000
0.0000
0.0000
0.0000
0.0000
0.0000
0.0000
0.0000
0.0000
0.0000
0.0000
0.0000
0.0000
0.0000
0.0000
0.0000
0.0000
0.0000
0.0000
0.0000
0.0000
0.0000
0.0000
0.0000
0.0000
0.0000
0.0000
0.0000
0.0000
0.0000
0.0000
0.0000
0.0000
0.0000
0.0000
0.0000
0.0000
0.0000
0.0000
0.0000
0.0000
0.0000
0.0000
0.0000
0.0000
0.0000
0.0000
0.0000
0.0000
0.0000
0.0000
0.0000
0.0000
0.0000
0.0000
0.0000
0.0000
0.0000
0.0000
0.0000
0.0000
0.0000
0.0000
0.0000
0.0000
0.0000
0.0000
0.0000
0.0000
0.0000
0.0000
0.0000
0.0000
0.0000
0.0000
0.0000
0.0000
0.0000
0.0000
0.0000
0.0000
0.0000
0.0000
0.0000
0.0000
0.0000
0.0000
0.0000
0.0000
0.0000
0.0000
0.0000
0.0000
0.0000
0.0000
0.0000
0.0000
0.0000
0.0000
0.0000
0.0000
0.0000
0.0000
0.0000
0.0000
0.0000
0.0000
0.0000
0.0000
0.0000
0.0000
0.0000
0.0000
0.0000
0.0000
0.0000
0.0000
0.0000
0.0000
0.0000
0.0000
0.0000
0.0000
0.0000
0.0000
0.0000
0.0000
0.0000
0.0000
0.0000
0.0000
0.0000
0.0000
0.0000
0.0000
0.0000
0.0000
0.0000
0.0000
0.0000
0.0000
0.0000
0.0000
0.0000
0.0000
0.0000
0.0000
0.0000
0.0000
0.0000
0.0000
0.0000
0.0000
0.0000
0.0000
0.0000
0.0000
0.0000
0.0000
0.0000
0.0000
0.0000
0.0000
0.0000
0.0000
0.0000
0.0000
0.0000
0.0000
0.0000
0.0000
0.0000
0.0000
0.0000
0.0000
0.0000
0.0000
0.0000
0.0000
0.0000
0.0000
0.0000
0.0000
0.0000
0.0000
0.0000
0.0000
0.0000
0.0000
0.0000
0.0000
0.0000
0.0000
0.0000
0.0000
0.0000
0.0000
0.0000
0.0000
0.0000
0.0000
0.0000
0.0000
0.0000
0.0000
0.0000
0.0000
0.0000
0.0000
0.0000
0.0000
0.0000
0.0000
0.0000
0.0000
0.0000
0.0000
0.0000
0.0000
0.0000
0.0000
0.0000
0.0000
0.0000
0.0000
0.0000
0.0000
0.0000
0.0000
0.0000
0.0000
0.0000
0.0000
0.0000
0.0000
0.0000
0.0000
0.0000
0.0000
0.0000
0.0000
0.0000
0.0000
0.0000
0.0000
0.0000
0.0000
0.0000
0.0000
0.0000
0.0000
0.0000
0.0000
0.0000
0.0000
0.0000
0.0000
0.0000
0.0000
0.0000
0.0000
0.0000
0.0000
0.0000
0.0000
0.0000
0.0000
0.0000
0.0000
0.0000
0.0000
0.0000
0.0000
0.0000
0.0000
0.0000
0.0000
0.0000
0.0000
0.0000
0.0000
0.0000
0.0000
0.0000
0.0000
0.0000
