1.2551
1.2700
1.2556
1.1484
1.0942
1.0190
1.0046
0.9379
0.8954
0.8657
0.8407
0.8022
0.8236
0.9325
1.0066
1.1393
1.2408
1.3647
1.3732
1.3512
1.3571
1.4185
1.3858
1.4393
1.4197
1.4451
1.5618
1.5639
1.5952
1.6802
1.6935
1.7713
1.7675
1.8457
1.9457
2.0419
2.0680
2.2500
2.1538
2.1405
2.1194
2.0029
2.0137
2.1120
2.0839
2.1004
2.1749
2.1401
2.1892
2.2159
2.2534
2.2812
2.3064
2.3988
2.3649
2.4547
2.4129
2.4543
2.5278
2.5054
2.4751
2.4879
2.4892
2.4892
2.4904
2.4904
2.4904
2.4891
2.4927
2.4816
2.4763
2.4973
2.4749
2.5818
2.5153
2.5109
2.5349
2.5317
2.5069
2.4993
2.4915
2.5637
2.5035
2.5103
2.5784
2.5971
2.5430
2.5251
2.4560
2.4831
2.4803
2.4780
2.4755
2.4454
2.4435
2.5008
2.5000
2.4974
2.5020
2.5103
2.5268
2.5489
2.5857
2.5842
2.6050
2.6194
2.6861
2.6993
2.8074
2.7499
2.5628
2.8498
2.8664
2.8419
3.0314
2.9954
3.1405
3.1157
3.1392
3.1405
3.1387
3.1205
3.0894
3.0847
3.0793
3.0742
3.1061
3.0978
3.1076
3.1040
3.0887
3.1195
3.1279
3.1300
3.1511
3.1411
3.1211
3.1113
3.1845
3.1734
3.1794
3.1776
3.2475
3.1326
3.0894
2.9278
2.8028
2.7730
2.8390
2.7269
2.7276
2.7490
2.8170
2.8750
2.9033
2.9142
2.9511
3.0059
3.0886
3.2249
3.1704
3.1867
3.2657
3.2690
3.2914
3.2645
3.3400
3.3230
3.3088
3.3435
3.3496
3.3760
3.3484
3.3480
3.3905
3.4164
3.4126
3.4223
3.3919
3.4014
3.4017
3.3379
3.2979
3.2490
3.2730
3.2466
3.2037
3.2183
3.2183
3.2190
3.1684
3.1952
3.1914
3.1933
3.1939
3.1486
3.1178
3.1762
3.1958
3.3109
3.2525
3.2567
3.2548
3.2528
3.2509
3.1403
3.0103
0.0000
0.0000
0.0000
0.0000
0.0000
0.0000
0.0000
0.0000
0.0000
0.0000
0.0000
0.0000
0.0000
0.0000
0.0000
0.0000
0.0000
0.0000
0.0000
0.0000
0.0000
0.0000
0.0000
0.0000
0.0000
0.0000
0.0000
0.0000
0.0000
0.0000
0.0000
0.0000
0.0000
0.0000
0.0000
0.0000
0.0000
0.0000
0.0000
0.0000
0.0000
0.0000
0.0000
0.0000
0.0000
0.0000
0.0000
0.0000
0.0000
0.0000
0.0000
0.0000
0.0000
0.0000
0.0000
1.0546
1.1390
1.1021
1.3813
1.6686
2.0253
2.2077
2.4236
2.5736
2.8463
2.7951
2.8532
2.8013
2.8028
2.8035
2.8043
2.8043
2.8717
2.9872
3.1329
3.1757
3.1773
3.1830
3.2513
3.3317
3.2817
3.2804
3.2804
3.2810
3.2940
3.2821
3.2809
3.2772
3.2759
3.2753
3.2722
3.2710
3.2691
3.2109
3.2599
3.2563
3.2544
3.2526
3.2508
3.2508
3.2490
3.2435
3.2362
3.2376
3.2346
3.2353
3.2335
3.2342
3.2342
3.2288
3.2290
3.2296
3.1785
3.2039
3.2088
3.2034
3.1846
3.1815
3.1815
3.1730
3.1695
3.1678
3.1678
3.1678
3.1644
3.1576
3.1324
3.1250
3.1028
3.1089
3.0733
3.0963
3.0683
3.0426
3.0163
3.0082
3.0099
3.0212
3.0115
2.9858
2.9861
2.9837
2.9669
2.9496
2.9224
2.9099
2.9129
2.9275
2.8783
2.8985
2.8601
2.8561
2.8873
2.8850
2.8672
2.8671
2.8299
2.8976
2.8697
2.9028
2.8461
2.8604
2.8329
2.8622
2.9267
2.8746
2.8778
2.8918
2.8747
2.8723
2.8710
2.8691
2.8625
2.8653
2.8672
2.8137
2.8466
2.8692
2.8839
2.8799
2.8711
2.8344
2.8320
2.7687
2.8227
2.7673
2.7944
2.7776
2.7619
2.7392
2.7262
2.7041
2.6429
2.6308
2.6430
2.6013
2.5323
2.5699
2.4278
2.3792
2.3803
2.4639
2.4243
2.4166
2.6001
2.6112
2.6136
2.6136
2.6136
2.6136
2.6943
2.7439
2.7641
2.8170
2.6936
2.7099
2.7265
2.6530
2.6658
2.6403
2.6145
2.6682
2.6676
2.6407
2.6801
2.6669
2.7231
2.7480
2.6541
2.7053
2.6456
2.6740
2.6774
2.6787
2.7458
2.6849
2.6928
2.7255
2.7164
2.7130
2.7101
2.7130
2.7007
2.8276
2.7939
2.8755
2.8268
2.8479
2.9557
2.8819
2.8713
2.8708
3.0824
3.1093
3.0115
3.1476
3.2031
3.3124
3.3910
3.3758
3.3589
3.3589
3.3589
3.3589
3.3589
3.3589
3.3589
3.3589
3.3589
3.3589
3.3589
3.3589
3.3589
3.3589
3.3589
3.3589
3.3589
3.3589
3.3589
3.3589
3.3589
3.3589
3.3589
3.3589
3.3589
3.3589
3.3589
3.3596
3.3551
3.3474
3.3757
3.3020
3.1693
2.9594
0.0000
0.0000
0.0000
0.0000
0.0000
0.0000
0.0000
0.0000
0.0000
0.0000
0.0000
0.0000
0.0000
0.0000
0.0000
0.0000
0.0000
0.0000
0.0000
0.0000
0.0000
0.0000
0.0000
0.0000
0.0000
0.0000
0.0000
0.0000
0.0000
0.0000
0.0000
0.0000
0.0000
0.0000
0.0000
0.0000
0.0000
0.0000
0.0000
0.0000
0.0000
0.0000
0.0000
0.0000
0.0000
0.0000
0.0000
0.0000
0.0000
0.0000
0.0000
0.0000
0.0000
0.0000
0.0000
0.0000
0.0000
0.0000
0.0000
0.0000
0.0000
0.0000
0.0000
0.0000
0.0000
0.0000
0.0000
0.0000
0.0000
0.0000
0.0000
0.0000
0.0000
0.0000
0.0000
0.0000
0.0000
0.0000
0.0000
0.0000
0.0000
0.0000
0.0000
0.0000
0.0000
0.0000
0.0000
0.0000
0.0000
0.0000
0.0000
0.0000
0.0000
0.0000
0.0000
0.0000
0.0000
0.0000
0.0000
0.0000
0.0000
0.0000
0.0000
0.0000
0.0000
0.0000
0.0000
0.0000
0.0000
0.0000
0.0000
0.0000
0.0000
0.0000
0.0000
0.0000
0.0000
0.0000
0.0000
0.0000
0.0000
0.0000
0.0000
0.0000
0.0000
0.0000
0.0000
0.0000
0.0000
0.0000
0.0000
0.0000
0.0000
0.0000
0.0000
0.0000
0.0000
0.0000
0.0000
0.0000
0.0000
0.0000
0.0000
0.0000
0.0000
0.0000
0.0000
0.0000
0.0000
0.0000
0.0000
0.0000
0.0000
0.0000
0.0000
0.0000
0.0000
0.0000
0.0000
0.0000
0.0000
0.0000
0.0000
0.0000
0.0000
0.0000
0.0000
0.0000
0.0000
0.0000
0.0000
0.0000
0.0000
0.0000
0.0000
0.0000
0.0000
0.0000
0.0000
0.0000
0.0000
0.0000
0.0000
0.0000
