0.0000
0.0000
0.0000
0.0000
0.0000
0.0000
0.0000
0.0000
0.0000
0.0000
0.0000
0.0000
0.0000
0.0000
0.0000
0.0000
0.0000
0.0000
0.0000
0.0000
0.0000
0.0000
0.0000
0.0000
0.0000
0.0000
0.0000
0.0000
0.0000
0.0000
0.0000
0.0000
0.6677
0.7654
0.9562
1.2087
1.4005
1.7039
1.5496
1.5632
1.6091
1.8041
1.8187
1.7684
1.7659
1.7327
1.7209
1.7168
1.7186
1.7108
1.7026
1.7183
1.6885
1.7006
1.6945
1.7597
2.0027
1.9750
2.0283
2.1716
2.3681
2.4984
2.5140
2.5445
2.5503
2.5672
2.5722
2.6122
2.5653
2.5620
2.5570
2.5570
2.5570
2.6352
2.6306
2.6306
2.6271
2.6271
2.6203
2.6034
2.5073
2.5319
2.4819
2.4443
2.4223
2.4493
2.4589
2.4627
2.4627
2.4627
2.4627
2.4627
2.4627
2.4627
2.4627
2.4613
2.4570
2.4570
2.4561
2.4561
2.4561
2.4561
2.4561
2.4561
2.4561
2.4561
2.4515
2.5108
2.4649
2.4613
2.4599
2.4599
2.4581
2.4581
2.4466
2.4191
2.4368
2.4377
2.4377
2.4235
2.4307
2.4381
2.4809
2.4886
2.4886
2.4919
2.5221
2.5445
2.5159
2.5159
2.5695
2.5409
2.5713
2.5481
2.5480
2.5518
2.5523
2.5496
2.5496
2.5491
2.5521
2.5517
2.5522
2.5535
2.5561
2.5300
2.5315
2.5343
2.5310
2.5109
2.4425
2.4194
2.4446
2.4446
2.4085
2.4056
2.4239
2.4229
2.4083
2.4055
2.3387
2.3908
2.3974
2.3464
2.3711
2.3458
2.3613
2.3513
2.3193
2.3145
2.1814
2.2243
2.2439
2.2412
2.2201
2.1667
2.1623
2.0764
2.1011
2.0241
2.0520
2.0063
1.9623
1.9857
1.8891
1.8505
1.8825
1.8326
1.7932
1.6890
1.7078
1.7173
1.6086
1.7160
1.7204
1.7219
1.7701
1.8071
1.8635
1.9117
1.9335
1.9864
2.0432
2.0776
2.0724
2.0708
2.0686
2.0658
2.0588
2.0410
2.0471
2.0307
2.0090
2.0023
1.9982
1.9991
2.0099
1.9423
1.8885
1.9335
1.9448
1.9448
1.9448
1.9456
1.9252
1.9229
1.9229
1.9229
1.9229
1.9229
1.9229
1.9253
1.9269
1.9334
1.9342
1.9342
1.9342
1.9342
1.8819
1.8837
1.9478
1.9038
1.8567
1.8626
1.8625
1.7884
1.7611
1.7383
1.7235
1.6966
1.6866
1.6744
1.6709
1.6730
1.7385
1.7536
1.8566
1.8833
2.1811
2.3694
2.8123
2.7184
2.7385
2.7946
2.8301
2.9112
2.8921
2.8862
2.8882
2.8812
2.8746
2.8746
2.8278
2.8262
2.8060
2.7793
2.7334
2.8121
2.7653
2.7066
2.7038
2.6929
2.6929
2.6915
2.6758
2.6441
2.6429
2.6429
2.6274
2.6223
2.6173
2.6173
2.6160
2.6157
2.6104
2.6055
2.6055
2.6055
2.6043
2.5574
2.5496
2.5310
2.5352
2.4843
2.4495
2.4520
2.5620
2.6179
2.5452
2.5524
2.5914
2.7579
2.5899
2.8642
2.8551
2.9162
2.9901
2.9821
2.9281
2.9886
2.9612
2.9095
2.8439
2.8512
2.8326
2.8168
2.8268
2.8394
2.8545
2.8600
2.8376
2.7315
2.7244
2.7168
2.7086
2.7086
2.7043
2.6995
2.6969
2.6969
2.6941
2.6858
2.6773
2.6684
2.7389
2.6891
2.6917
2.6917
2.6917
2.6917
2.6917
2.6917
2.6917
2.6766
2.6545
2.6586
2.6581
2.6820
2.6731
2.6742
2.6901
2.6825
2.6919
2.6870
2.7706
2.6923
2.7175
2.7862
2.7653
2.7366
2.7391
2.7391
2.7391
2.7369
2.7355
2.7380
2.7529
2.7848
2.7838
2.7741
2.7226
2.7032
2.7040
2.6963
2.6643
2.6363
2.6788
2.8065
3.0742
3.0118
3.0118
3.0118
3.0109
3.0126
3.1210
3.2758
3.1382
2.8928
3.0135
2.9629
3.0985
3.1177
3.1118
3.0183
3.0684
2.9533
2.9306
2.9234
2.9204
2.9295
2.9826
3.0401
3.0113
3.0152
3.0230
3.0488
3.0446
3.0542
3.1815
3.2003
3.2098
3.2192
3.2209
3.2776
3.3467
3.4128
3.4793
3.4844
3.5064
3.5982
3.6578
3.7216
3.7734
3.8654
3.9052
3.9043
3.9009
3.8929
3.8895
3.8921
3.8921
3.8921
3.8211
3.9357
3.8864
4.0350
4.1433
4.1903
4.1954
4.1954
4.1954
4.1954
4.1954
4.1954
4.1954
4.1954
4.1954
4.1954
4.1954
4.1954
4.1954
4.1954
4.1954
4.1954
4.1988
4.2010
4.2010
4.2010
4.2010
4.2010
4.2010
4.2010
4.2010
4.2010
4.2010
4.2010
4.2010
4.2010
4.1853
4.1898
4.2505
4.2124
4.2148
4.2148
4.2148
4.2148
4.2148
4.1861
4.2376
4.1825
0.0000
0.0000
0.0000
0.0000
0.0000
0.0000
0.0000
0.0000
0.0000
0.0000
0.0000
0.0000
0.0000
0.0000
0.0000
0.0000
0.0000
0.0000
0.0000
0.0000
0.0000
0.0000
0.0000
0.0000
0.0000
0.0000
0.0000
0.0000
0.0000
0.0000
0.0000
0.0000
0.0000
0.0000
0.0000
0.0000
0.0000
0.0000
0.0000
0.0000
0.0000
0.0000
0.0000
0.0000
0.0000
0.0000
0.0000
0.0000
0.0000
0.0000
0.0000
0.0000
0.0000
0.0000
0.0000
0.0000
0.0000
0.0000
0.0000
0.0000
0.0000
0.0000
0.0000
0.0000
0.0000
0.0000
0.0000
0.0000
0.0000
0.0000
0.0000
0.0000
0.0000
0.0000
0.0000
0.0000
0.0000
0.0000
0.0000
0.0000
0.0000
0.0000
0.0000
0.0000
0.0000
0.0000
0.0000
0.0000
0.0000
0.0000
0.0000
0.0000
0.0000
0.0000
0.0000
0.0000
0.0000
0.0000
0.0000
0.0000
0.0000
0.0000
0.0000
0.0000
0.0000
0.0000
0.0000
0.0000
0.0000
0.0000
0.0000
0.0000
0.0000
0.0000
0.0000
0.0000
0.0000
0.0000
0.0000
0.0000
0.0000
0.0000
0.0000
0.0000
0.0000
0.0000
0.0000
0.0000
0.0000
0.0000
0.0000
0.0000
0.0000
0.0000
0.0000
0.0000
0.0000
0.0000
0.0000
0.0000
0.0000
0.0000
0.0000
0.0000
0.0000
0.0000
0.0000
0.0000
0.0000
0.0000
0.0000
0.0000
0.0000
0.0000
0.0000
0.0000
0.0000
0.0000
0.0000
0.0000
0.0000
0.0000
0.0000
0.0000
0.0000
0.0000
0.0000
0.0000
0.0000
0.0000
0.0000
0.0000
0.0000
0.0000
0.0000
0.0000
0.0000
0.0000
0.0000
0.0000
