0.0000
0.0000
0.0000
0.0000
0.0000
0.0000
0.0000
0.0000
0.0000
0.0000
0.0000
0.0000
0.0000
0.0000
0.0000
0.0000
0.0000
0.0000
0.0000
0.0000
0.0000
0.0000
0.0000
0.0000
0.0000
0.0000
0.0000
0.0000
0.0000
0.0000
0.0000
0.0000
0.0000
0.0000
0.0000
0.0000
0.0000
0.0000
0.0000
0.0000
0.0000
0.0000
0.0000
0.0000
0.0000
0.0000
0.0000
0.0000
0.0000
0.0000
0.0000
0.0000
0.4225
0.8298
1.6777
1.7459
1.8183
1.9941
2.1864
2.3704
2.4909
2.4474
2.5185
2.6434
2.6005
2.6096
2.6174
2.6195
2.6203
2.6210
2.6210
2.6210
2.6210
2.6210
2.6210
2.6210
2.6210
2.6210
2.6194
2.6194
2.6201
2.6201
2.6201
2.6201
2.6201
2.6169
2.6137
2.5900
2.5900
2.5885
2.5885
2.5884
2.5885
2.5884
2.5885
2.5884
2.5892
2.5900
2.5900
2.5900
2.5900
2.5908
2.5915
2.5915
2.5915
2.5927
2.5923
2.5923
2.5931
2.5939
2.5947
2.5947
2.5954
2.5954
2.5954
2.5954
2.6020
2.5284
2.5110
2.4898
2.4908
2.4796
2.4655
2.4600
2.4592
2.5168
2.4919
2.5205
2.5524
2.5850
2.6165
2.6819
2.7018
2.7305
2.7587
2.7680
2.7689
2.7689
2.7707
2.7735
2.7744
2.7744
2.7861
2.7888
2.7916
2.7934
2.7953
2.7953
2.7935
0.0000
0.0000
0.0000
0.0000
0.0000
0.0000
0.0000
0.0000
0.0000
0.0000
0.0000
0.0000
0.0000
0.0000
0.0000
0.0000
0.0000
0.0000
0.0000
0.0000
0.0000
0.0000
0.0000
0.0000
0.0000
0.0000
0.0000
0.0000
0.0000
0.0000
0.0000
0.0000
0.0000
0.0000
0.0000
0.0000
0.0000
0.0000
0.0000
0.0000
0.0000
0.0000
0.0000
0.0000
0.0000
0.0000
0.0000
0.0000
0.0000
0.0000
0.0000
0.0000
0.0000
0.0000
0.0000
0.0000
0.0000
0.0000
0.0000
0.0000
0.0000
0.0000
0.0000
0.0000
0.0000
0.0000
0.0000
0.0000
0.0000
0.0000
0.0000
0.0000
0.0000
0.0000
0.0000
0.0000
0.0000
0.0000
0.0000
0.0000
0.0000
1.1203
1.1940
1.7864
2.1816
2.5001
2.6587
2.6943
2.7237
2.9012
2.9732
3.1187
3.1078
3.1602
3.2219
3.3290
3.5628
3.5849
3.7365
3.6924
3.7278
3.4659
3.5048
3.4805
3.4343
3.4248
3.3499
3.3967
3.4200
3.4228
3.4242
3.4200
3.3672
3.3223
2.9646
1.8660
1.8183
2.0088
2.0745
2.0671
2.0671
2.0045
2.0059
2.0376
2.0056
2.0275
1.9759
1.9615
1.9592
1.9044
1.8888
1.8882
1.9396
2.0066
2.0607
2.2060
2.2438
0.0000
0.0000
0.0000
2.2358
2.2358
2.2234
2.2223
2.2101
2.2055
2.2048
2.2049
2.1833
2.2297
2.1824
2.1660
2.1608
2.0941
0.0000
0.0000
0.0000
0.0000
0.0000
0.0000
0.0000
0.0000
0.0000
0.0000
0.0000
0.0000
0.0000
0.0000
0.0000
0.0000
0.0000
0.0000
0.0000
0.0000
0.0000
0.0000
0.0000
0.0000
0.0000
0.0000
0.0000
1.6411
1.7966
1.8720
1.9417
2.0108
2.0163
2.0245
2.0231
2.0231
2.0223
2.0223
2.0238
2.0839
2.0486
2.0496
2.0531
2.0738
2.0832
2.0977
2.1324
2.0895
2.1035
2.0750
2.0345
2.0170
2.0034
1.9703
1.9943
1.9798
2.0232
2.1103
2.2462
2.2462
2.2445
2.2438
2.3402
2.3022
2.3035
2.3191
2.3564
2.3096
2.3252
2.3561
2.3533
2.2522
2.3280
2.3277
2.3258
2.3274
2.3263
2.3235
2.3208
2.3208
2.3106
2.3067
2.2985
2.2930
2.2966
2.3010
2.3341
2.3212
2.3260
2.3276
2.3865
2.5772
2.5913
2.5705
2.5726
2.5688
2.5701
2.5657
2.5777
2.5597
2.5505
2.4683
2.3675
2.3037
2.0009
1.9566
1.8676
0.0000
1.7962
0.0000
0.0000
0.0000
0.0000
0.0000
0.0000
0.0000
0.0000
0.0000
0.0000
0.0000
0.0000
0.0000
0.0000
0.0000
0.0000
0.0000
0.0000
0.0000
0.0000
0.0000
0.0000
0.0000
0.0000
0.0000
0.0000
0.0000
0.0000
0.0000
0.0000
0.0000
0.0000
0.0000
0.0000
0.0000
0.0000
0.0000
0.0000
0.0000
0.0000
0.0000
0.0000
0.0000
0.0000
0.0000
0.0000
0.0000
0.0000
0.0000
0.0000
0.0000
0.0000
0.0000
0.0000
0.0000
0.0000
0.0000
0.0000
0.0000
0.0000
0.0000
0.0000
0.0000
0.0000
0.0000
0.0000
0.0000
0.0000
0.0000
0.0000
0.0000
0.0000
0.0000
0.0000
0.0000
0.0000
0.0000
0.0000
0.0000
0.0000
0.0000
0.0000
0.0000
0.0000
0.0000
0.0000
0.0000
0.0000
0.0000
0.0000
0.0000
0.0000
0.0000
0.0000
0.0000
0.0000
0.0000
0.0000
0.0000
0.0000
0.0000
0.0000
0.0000
0.0000
0.0000
0.0000
0.0000
0.0000
0.0000
0.0000
0.0000
0.0000
0.0000
0.0000
0.0000
0.0000
0.0000
0.0000
0.0000
0.0000
0.0000
0.0000
0.0000
0.0000
0.0000
0.0000
0.0000
0.0000
0.0000
0.0000
0.0000
0.0000
0.0000
0.0000
0.0000
0.0000
0.0000
0.0000
0.0000
0.0000
0.0000
0.0000
0.0000
0.0000
0.0000
0.0000
0.0000
0.0000
0.0000
0.0000
0.0000
0.0000
0.0000
0.0000
0.0000
0.0000
0.0000
0.0000
0.0000
0.0000
0.0000
0.0000
0.0000
0.0000
0.0000
0.0000
0.0000
0.0000
0.0000
0.0000
0.0000
0.0000
0.0000
0.0000
0.0000
0.0000
0.0000
0.0000
0.0000
0.0000
0.0000
0.0000
0.0000
0.0000
0.0000
0.0000
0.0000
0.0000
0.0000
0.0000
0.0000
0.0000
0.0000
0.0000
0.0000
0.0000
0.0000
0.0000
0.0000
0.0000
0.0000
0.0000
0.0000
0.0000
0.0000
0.0000
0.0000
0.0000
0.0000
0.0000
0.0000
0.0000
0.0000
0.0000
0.0000
0.0000
0.0000
0.0000
0.0000
0.0000
0.0000
0.0000
0.0000
0.0000
0.0000
0.0000
0.0000
0.0000
0.0000
0.0000
0.0000
0.0000
0.0000
0.0000
0.0000
0.0000
0.0000
0.0000
0.0000
0.0000
0.0000
