0.0000
0.0000
0.0000
0.0000
0.0000
0.0000
0.0000
0.0000
0.0000
0.0000
0.0000
0.0000
0.0000
0.0000
0.0000
0.0000
0.0000
0.0000
0.0000
0.0000
0.0000
0.0000
0.0000
0.0000
0.0000
0.0000
0.0000
0.0000
0.0000
0.0000
0.0000
0.0000
0.0000
0.0000
0.0000
0.0000
0.0000
0.0000
0.0000
0.0000
0.0000
0.0000
0.0000
0.0000
0.0000
0.0000
0.0000
0.0000
0.0000
0.0000
0.0000
0.0000
0.0000
0.0000
0.0000
0.0000
0.0000
0.0000
0.0000
0.0000
0.0000
0.0000
0.0000
0.0000
0.0000
0.0000
0.0000
0.0000
0.0000
0.0000
0.0000
0.0000
1.6094
1.7656
1.8264
2.0067
2.0707
2.1711
2.2951
2.3199
2.3251
2.3405
2.3453
2.3523
2.3751
2.4170
2.4372
2.4645
2.5674
2.5230
2.5517
2.5897
2.5617
2.5751
2.5762
2.5748
2.5782
2.5286
2.5804
2.5821
2.5807
2.6489
2.6058
2.6331
2.6331
2.6332
2.6331
2.6349
2.6349
2.6349
2.6349
2.6349
2.6349
2.6349
2.6357
2.6443
2.6443
2.6558
2.4765
2.4737
2.2854
2.3540
2.2355
2.0979
2.1105
2.1105
2.1105
2.1105
2.1124
2.2475
2.2521
2.4491
2.4708
2.4980
2.4880
2.5311
2.5376
2.5539
2.5552
2.5552
2.5566
2.6145
2.5804
2.5873
2.5918
2.5926
2.5787
2.5844
2.5836
2.5836
2.5836
2.5836
2.5836
2.5792
2.5511
2.5439
2.5209
2.4932
0.0000
0.0000
0.0000
0.0000
0.0000
0.0000
0.0000
0.0000
0.0000
0.0000
0.0000
0.0000
0.0000
0.0000
0.0000
0.0000
0.0000
0.0000
0.0000
0.0000
0.0000
0.0000
0.0000
0.0000
0.0000
0.0000
0.0000
0.0000
0.0000
0.0000
0.0000
0.0000
0.0000
0.0000
0.0000
0.0000
0.0000
0.0000
0.0000
0.0000
0.0000
0.0000
0.0000
1.5847
1.6218
1.6061
1.6376
1.5357
1.5611
1.6407
1.9131
2.2549
2.2111
2.3093
2.7490
2.9321
3.1276
3.2633
3.2461
3.2306
3.1771
3.1975
3.2946
3.3695
3.4877
3.5823
3.5329
3.6227
3.6201
3.7300
3.6899
3.6875
3.7114
3.7210
3.7364
3.7238
3.7237
3.7237
3.7268
3.7455
3.7502
3.8029
3.7050
3.7050
3.6196
3.2259
0.0000
0.0000
0.0000
0.0000
0.0000
0.0000
0.0000
3.2176
0.0000
0.0000
0.0000
0.0000
0.0000
0.0000
0.0000
0.0000
0.0000
0.0000
0.0000
0.0000
0.0000
0.0000
0.0000
0.0000
0.0000
0.0000
0.0000
0.0000
0.0000
0.0000
0.0000
0.0000
0.0000
0.0000
0.0000
0.0000
0.0000
0.0000
0.0000
0.0000
0.0000
0.0000
0.0000
0.0000
0.0000
0.0000
0.0000
0.0000
0.0000
0.0000
0.0000
0.0000
0.0000
0.0000
0.0000
0.0000
0.0000
0.0000
0.0000
0.0000
0.0000
0.0000
0.0000
0.0000
0.0000
0.0000
0.0000
0.0000
0.0000
0.0000
0.0000
0.0000
1.2448
1.2598
1.3582
1.4421
1.5503
1.6560
1.7576
1.7834
1.8212
1.9116
1.9765
2.0430
2.0776
2.1139
2.1637
2.2125
2.2157
2.1749
2.1987
2.2464
2.3215
2.2558
2.2051
2.2165
2.2011
2.1976
2.1488
2.2014
2.1875
2.1939
2.1960
2.1944
2.1944
2.1895
2.1425
2.1832
2.1832
2.1832
2.1832
2.1832
2.1832
2.1832
2.1832
2.1832
2.1832
2.1832
2.1832
2.1832
2.1832
2.1832
2.1832
2.1832
2.1832
2.1832
2.1832
2.1832
2.1832
2.1832
2.1801
2.1444
2.2339
2.3132
2.3107
2.3519
2.3647
2.3752
2.4583
2.4758
2.4119
2.4968
2.3919
2.3778
2.3651
2.3559
2.3472
2.3266
2.2711
0.0000
0.0000
0.0000
0.0000
0.0000
0.0000
0.0000
0.0000
0.0000
0.0000
0.0000
0.0000
0.0000
0.0000
0.0000
0.0000
0.0000
0.0000
0.0000
0.0000
0.0000
0.0000
0.0000
0.0000
0.0000
0.0000
0.0000
0.0000
0.0000
0.0000
0.0000
0.0000
0.0000
0.0000
0.0000
0.0000
0.0000
0.0000
0.0000
0.0000
0.0000
0.0000
0.0000
0.0000
0.0000
0.0000
0.0000
0.0000
0.0000
0.0000
0.0000
0.0000
0.0000
0.0000
0.0000
0.0000
0.0000
0.0000
0.0000
0.0000
0.0000
0.0000
0.0000
0.0000
0.0000
0.0000
0.0000
0.0000
0.0000
0.0000
0.0000
0.0000
0.0000
0.0000
0.0000
0.0000
0.0000
0.0000
0.0000
0.0000
0.0000
0.0000
0.0000
0.0000
0.0000
0.0000
0.0000
0.0000
0.0000
0.0000
0.0000
0.0000
0.0000
0.0000
0.0000
0.0000
0.0000
0.0000
0.0000
0.0000
0.0000
0.0000
0.0000
0.0000
0.0000
0.0000
0.0000
0.0000
0.0000
0.0000
0.0000
0.0000
0.0000
0.0000
0.0000
0.0000
0.0000
0.0000
0.0000
0.0000
0.0000
0.0000
0.0000
0.0000
0.0000
0.0000
0.0000
0.0000
0.0000
0.0000
0.0000
0.0000
0.0000
0.0000
0.0000
0.0000
0.0000
0.0000
0.0000
0.0000
0.0000
0.0000
0.0000
0.0000
0.0000
0.0000
0.0000
0.0000
0.0000
0.0000
0.0000
0.0000
0.0000
0.0000
0.0000
0.0000
0.0000
0.0000
0.0000
0.0000
0.0000
0.0000
0.0000
0.0000
0.0000
0.0000
0.0000
0.0000
0.0000
0.0000
0.0000
0.0000
0.0000
0.0000
0.0000
0.0000
0.0000
0.0000
0.0000
0.0000
0.0000
0.0000
0.0000
0.0000
0.0000
0.0000
0.0000
0.0000
0.0000
0.0000
0.0000
0.0000
0.0000
0.0000
0.0000
0.0000
0.0000
0.0000
0.0000
0.0000
0.0000
0.0000
0.0000
0.0000
0.0000
0.0000
0.0000
0.0000
0.0000
0.0000
0.0000
0.0000
0.0000
0.0000
0.0000
0.0000
0.0000
0.0000
0.0000
0.0000
0.0000
0.0000
0.0000
0.0000
0.0000
0.0000
0.0000
0.0000
0.0000
0.0000
0.0000
0.0000
0.0000
0.0000
0.0000
0.0000
0.0000
0.0000
0.0000
0.0000
0.0000
0.0000
0.0000
