0.0000
0.0000
0.0000
0.0000
0.0000
0.0000
0.0000
0.0000
0.0000
0.0000
0.0000
0.0000
0.0000
0.0000
0.0000
0.0000
0.0000
0.0000
0.0000
0.0000
0.0000
0.0000
0.0000
0.0000
0.0000
0.0000
0.0000
0.0000
0.0000
0.0000
0.0000
0.0000
0.0000
0.0000
0.0000
0.0000
0.0000
0.0000
0.0000
0.0000
0.0000
0.0000
0.0000
0.0000
0.0000
0.0000
0.6465
1.1990
1.9896
2.2584
2.5882
2.5559
2.5559
2.5559
2.5559
2.5559
2.5559
2.5559
2.5559
2.5559
2.5578
2.5578
2.5741
2.5764
2.5764
2.5764
2.5764
2.5764
2.5764
2.5764
2.5338
2.5276
2.4680
2.2693
2.3239
2.3056
2.2031
2.2050
2.2050
2.2050
2.2050
2.2050
2.2050
2.2050
2.2050
2.2050
2.2050
2.2050
2.2102
2.2087
2.1632
2.1905
2.1947
1.9792
2.0793
2.0785
2.1021
2.1736
2.2173
2.2173
2.2178
2.3624
2.3169
2.3307
2.3199
2.3221
2.3235
2.3244
2.3288
2.3292
2.3284
2.3534
2.3549
2.3580
2.3580
2.3703
2.3703
2.3963
2.2363
2.2301
2.2835
2.4153
2.7897
3.0098
3.0725
3.1708
3.2386
3.3694
3.4107
3.5241
3.5172
3.5172
3.5179
3.5250
3.5316
3.5316
3.4111
3.1541
3.2017
3.2000
2.3549
2.1227
2.0350
1.7492
1.8698
2.0650
2.2320
2.2415
2.2415
2.2389
2.2337
2.0731
2.1244
2.1244
2.1244
2.0581
0.0000
0.0000
0.0000
0.0000
0.0000
0.0000
0.0000
0.0000
0.0000
0.0000
0.0000
0.0000
0.0000
0.0000
0.0000
0.0000
0.0000
0.0000
0.0000
0.0000
0.0000
0.0000
0.0000
0.0000
0.0000
0.0000
0.0000
0.0000
0.0000
0.0000
0.0000
0.0000
0.0000
0.0000
0.0000
0.0000
0.0000
0.0000
0.0000
0.0000
0.0000
0.0000
0.0000
0.0000
0.0000
0.0000
0.0000
0.0000
0.0000
0.0000
0.0000
0.0000
0.0000
0.0000
0.0000
0.0000
0.0000
0.0000
0.0000
0.0000
0.0000
0.0000
0.0000
0.0000
0.0000
0.0000
0.0000
0.0000
0.0000
0.0000
0.0000
0.0000
0.0000
0.0000
0.0000
0.0000
0.0000
0.0000
0.0000
0.0000
0.0000
0.0000
0.4436
1.4890
2.1537
2.4013
3.1372
3.0860
3.5437
3.7477
3.4683
3.8747
4.0518
4.1916
4.1986
4.1986
4.1986
4.2000
4.2013
4.1998
4.1999
4.2011
4.2052
4.2080
4.2080
4.2107
4.2083
4.2045
4.2072
4.2064
4.2064
4.2049
4.2049
4.2034
4.2011
4.1962
4.1975
4.1989
4.1974
4.1974
4.1950
4.1912
4.1893
4.1879
4.1879
4.1861
4.1832
4.1793
4.1775
4.1767
4.1767
4.1752
4.1752
4.1752
4.1652
4.1652
4.1652
4.1652
4.1651
4.1637
4.1637
4.1618
4.1544
4.1370
4.1325
4.1325
4.1325
4.1310
4.1310
4.1310
4.1296
4.1241
3.6906
3.3160
3.2191
3.4155
3.3301
3.4101
3.4873
3.6180
3.7387
3.7469
3.7319
3.7306
3.7206
3.7168
3.7131
3.7131
3.7131
3.6943
3.3943
3.3054
3.2596
3.0472
2.9645
2.9652
2.9034
2.8029
2.6160
2.5452
2.5732
2.5710
2.5745
2.5803
2.5858
2.5870
2.5870
2.5930
2.5861
2.5847
2.5898
2.5890
2.5903
2.5609
2.6819
2.6620
2.6731
2.7095
2.7734
2.7970
2.7970
2.7973
2.9172
3.0928
3.7962
3.5613
3.8572
3.8980
3.7500
3.6923
3.6351
3.5990
3.6735
3.7071
3.9827
3.8737
4.0701
3.9986
3.9010
3.9033
3.9033
3.9029
3.9029
3.8987
3.8966
3.8945
3.9114
3.8421
3.8414
3.8217
3.8230
3.8222
3.8205
3.7912
3.7935
3.7893
3.7871
3.7009
3.7664
3.7450
3.7327
3.5942
3.6037
3.6171
3.6157
3.5564
3.6320
3.6662
3.6649
3.6570
3.6195
3.6454
3.6303
3.6269
3.6377
3.6100
3.4218
3.3837
3.3577
3.3304
3.3053
3.2728
3.2310
3.2432
3.3398
3.6179
3.6862
3.6900
3.6865
3.6852
3.6807
3.6807
3.6807
3.6712
3.6688
3.6508
3.6540
3.6472
3.6265
3.5127
3.0014
2.1054
2.1109
2.1755
0.0000
0.0000
0.0000
0.0000
0.0000
0.0000
0.0000
0.0000
0.0000
0.0000
0.0000
0.0000
0.0000
0.0000
0.0000
0.0000
0.0000
0.0000
0.0000
0.0000
0.0000
0.0000
0.0000
0.0000
0.0000
0.0000
0.0000
0.0000
0.0000
0.0000
0.0000
0.0000
0.0000
0.0000
0.0000
0.0000
0.0000
0.0000
0.0000
0.0000
0.0000
0.0000
0.0000
0.0000
0.0000
0.0000
0.0000
0.0000
0.0000
0.0000
0.0000
0.0000
0.0000
0.0000
0.0000
0.0000
0.0000
0.0000
0.0000
0.0000
0.0000
0.0000
0.0000
0.0000
0.0000
0.0000
0.0000
0.0000
0.0000
0.0000
0.0000
0.0000
0.0000
0.0000
0.0000
0.0000
0.0000
0.0000
0.0000
0.0000
0.0000
0.0000
0.0000
0.0000
0.0000
0.0000
0.0000
0.0000
0.0000
0.0000
0.0000
0.0000
0.0000
0.0000
0.0000
0.0000
0.0000
0.0000
0.0000
0.0000
0.0000
0.0000
0.0000
0.0000
0.0000
0.0000
0.0000
0.0000
0.0000
0.0000
0.0000
0.0000
0.0000
0.0000
0.0000
0.0000
0.0000
0.0000
0.0000
0.0000
0.0000
0.0000
0.0000
0.0000
0.0000
0.0000
0.0000
0.0000
0.0000
0.0000
0.0000
0.0000
0.0000
0.0000
0.0000
0.0000
0.0000
0.0000
0.0000
0.0000
0.0000
0.0000
0.0000
0.0000
0.0000
0.0000
0.0000
0.0000
0.0000
0.0000
0.0000
0.0000
0.0000
0.0000
0.0000
0.0000
0.0000
0.0000
0.0000
0.0000
0.0000
0.0000
0.0000
0.0000
0.0000
0.0000
0.0000
0.0000
0.0000
0.0000
0.0000
0.0000
0.0000
0.0000
0.0000
0.0000
0.0000
0.0000
