0.0000
0.0000
0.0000
0.0000
0.0000
0.0000
0.0000
0.0000
0.0000
1.6203
1.7588
1.9510
2.1400
2.2153
2.2610
2.4250
2.3762
2.3259
2.3040
2.3463
2.3840
2.5097
2.5958
2.5846
2.6518
2.6863
2.6717
2.6972
2.7019
2.7097
2.7974
2.7728
2.7732
2.7732
2.7732
2.7732
2.7732
2.7732
2.7799
2.8059
2.8034
2.8049
2.8894
2.8697
2.8704
2.8925
2.8741
2.9156
2.9179
2.9179
2.9179
2.9195
2.9787
2.9404
2.9888
2.9488
2.9488
2.9488
2.9494
2.9508
2.9508
2.9522
2.9522
2.9522
2.9529
2.9529
2.9529
2.9529
2.9529
2.9529
2.9529
2.9888
2.9738
2.9745
2.9937
2.9966
2.9966
2.9966
3.1002
3.0425
3.0425
3.0465
3.1051
3.0597
3.0597
3.0597
3.0597
3.0597
3.0363
3.0508
3.0508
3.0514
3.0521
3.0521
3.0521
3.0537
3.0537
3.0537
3.0537
3.0537
3.0537
3.0537
3.0537
3.0537
3.0537
3.0586
3.0586
3.0618
3.0634
3.0634
3.0667
3.0700
3.0700
3.0700
3.0700
3.0749
3.0782
3.0789
2.9227
2.9025
2.7155
2.6245
2.5810
2.4101
2.4450
2.4252
2.4461
2.4621
2.4570
2.5291
2.5997
2.5758
2.6397
2.7778
2.7338
2.8530
2.8531
3.0629
2.9633
2.9643
2.9645
2.9657
2.9620
2.9589
2.9554
2.9546
2.9531
2.9539
2.9548
2.9548
2.9548
2.9548
2.9509
2.8881
2.8604
2.8377
2.6799
2.6434
2.6356
2.5836
2.5892
2.6102
2.6276
2.6285
2.7638
2.7592
2.7947
2.8537
2.9097
2.9728
2.8898
2.8929
2.8931
2.9003
2.9170
2.9170
2.9170
2.9788
3.0264
3.1052
3.1710
3.1589
3.1729
3.1802
3.1738
3.1658
3.1620
3.1620
3.1620
3.1606
3.1145
3.1535
3.1406
3.1391
2.9685
3.0425
3.0425
3.0425
3.0425
3.0415
3.0538
3.0752
3.0780
3.0780
3.0753
3.0705
3.0457
0.0000
0.0000
0.0000
0.0000
0.0000
0.0000
0.0000
0.0000
0.0000
0.0000
0.0000
0.0000
0.0000
0.0000
0.0000
0.0000
0.0000
0.0000
0.0000
0.0000
0.0000
0.0000
0.0000
0.0000
0.0000
0.0000
0.0000
0.0000
0.0000
0.0000
0.0000
0.0000
0.0000
0.0000
0.0000
0.0000
0.0000
0.0000
0.0000
0.0000
0.0000
0.0000
0.0000
0.0000
0.0000
0.0000
0.0000
0.0000
0.0000
0.0000
0.0000
0.0000
0.0000
0.0000
1.6403
1.8000
2.0581
2.7158
3.2412
3.3824
3.4848
3.5850
3.7367
3.6374
3.7091
3.7190
3.7218
3.7285
3.7285
3.7285
3.7575
3.7662
3.7708
3.7698
3.7687
3.7687
3.8171
3.7762
3.7737
3.7724
3.7712
3.7511
3.7552
3.7304
3.7308
3.6668
3.7008
3.6970
3.6958
3.6958
3.6958
3.6900
3.6886
3.6871
3.6845
3.6831
3.6819
3.6804
3.6804
3.6775
3.6720
3.6705
3.6691
3.6664
3.6620
3.6591
3.6507
3.6492
3.6477
3.6450
3.6450
3.6450
3.6380
3.6338
3.6327
3.6312
3.6297
3.6297
3.6149
3.5431
3.5711
3.5645
3.5630
3.5630
3.5589
3.5589
3.5562
3.5533
3.5393
3.5324
3.5312
3.5312
3.5285
3.5259
3.5217
3.5151
3.5139
3.5111
3.4969
3.5019
3.4501
3.4358
3.4465
3.4286
3.4274
3.4263
3.4228
3.4204
3.4158
3.4052
3.4033
3.3296
2.9891
2.8673
2.9270
2.8101
2.7625
2.8128
2.7669
2.7964
2.7902
2.8705
2.9122
3.0109
3.0537
3.1080
3.0808
3.0865
3.0952
3.1018
3.0941
3.1229
3.2209
3.2716
3.2368
3.2368
3.2368
3.2368
3.2368
3.2059
3.1755
3.1983
3.2010
3.2010
3.1765
3.1672
3.1672
3.1672
3.1672
3.1672
3.1672
3.1672
3.1672
3.1672
3.1672
3.1672
3.1659
3.1659
3.1659
3.1659
3.1659
3.1659
3.1659
3.1646
3.1646
3.1620
3.1620
3.1567
3.1541
3.1534
3.1528
3.1282
3.2388
3.1735
3.4570
3.6914
3.5183
3.7818
3.9927
3.8544
4.2494
4.1398
4.0228
3.9496
3.9241
3.9265
4.0016
4.0147
4.0268
4.0270
4.1240
4.2223
4.2482
4.2137
4.2107
4.2022
3.9934
4.0248
4.0248
4.0090
3.9984
3.8680
3.8203
3.7604
3.8063
3.6874
3.6898
3.6105
3.6324
3.6236
3.5220
3.5541
3.4745
3.3858
3.4158
3.3271
3.3641
3.1967
3.1426
3.1194
3.0249
3.0716
3.0658
2.9799
3.0307
3.0305
3.0327
3.0506
3.1824
3.3487
3.4255
3.4244
3.4633
3.4076
3.4076
3.4100
3.3948
3.3709
3.3531
3.3549
3.3525
3.3489
3.3398
3.3293
3.2962
3.2174
3.2826
3.2090
3.2644
3.2508
3.1870
3.2001
3.2155
3.2072
3.2072
3.2072
3.2072
3.2072
3.1279
3.1866
3.3010
3.4016
3.4792
3.6035
3.6448
3.5458
3.5479
3.6753
3.7309
3.9546
3.9469
3.9496
3.9661
3.9603
3.9630
4.0548
4.0068
4.0091
4.0091
4.0148
4.0118
4.0118
4.0118
4.0118
4.0118
4.0118
4.0119
4.0118
4.0118
4.0100
4.0100
4.0100
4.0100
4.0100
4.0100
4.0100
4.0100
4.0100
3.9559
4.0082
4.0030
4.0064
4.0046
4.0009
3.9973
3.9936
3.8708
3.8047
3.8382
3.6642
3.6466
3.4866
0.0000
0.0000
0.0000
0.0000
0.0000
0.0000
0.0000
0.0000
0.0000
0.0000
0.0000
0.0000
0.0000
0.0000
0.0000
0.0000
0.0000
0.0000
0.0000
0.0000
0.0000
0.0000
0.0000
0.0000
0.0000
0.0000
0.0000
0.0000
0.0000
0.0000
0.0000
0.0000
0.0000
0.0000
0.0000
0.0000
0.0000
0.0000
0.0000
0.0000
0.0000
0.0000
0.0000
0.0000
0.0000
0.0000
0.0000
0.0000
0.0000
0.0000
0.0000
0.0000
0.0000
0.0000
0.0000
0.0000
0.0000
0.0000
0.0000
0.0000
0.0000
0.0000
0.0000
0.0000
0.0000
0.0000
0.0000
0.0000
0.0000
0.0000
0.0000
0.0000
0.0000
0.0000
0.0000
0.0000
0.0000
0.0000
0.0000
0.0000
0.0000
0.0000
0.0000
0.0000
0.0000
0.0000
0.0000
0.0000
0.0000
0.0000
0.0000
0.0000
0.0000
0.0000
0.0000
0.0000
0.0000
0.0000
0.0000
0.0000
0.0000
0.0000
0.0000
0.0000
0.0000
0.0000
0.0000
0.0000
0.0000
0.0000
0.0000
0.0000
0.0000
0.0000
0.0000
0.0000
0.0000
0.0000
0.0000
0.0000
0.0000
0.0000
0.0000
0.0000
0.0000
0.0000
