0.0000
0.0000
0.0000
0.0000
0.0000
0.0000
0.0000
0.0000
0.0000
0.0000
0.0000
0.0000
0.0000
0.0000
0.0000
0.0000
0.0000
0.0000
0.0000
0.0000
0.0000
0.0000
0.0000
0.0000
0.0000
0.0000
0.0000
0.0000
0.0000
0.0000
0.0000
0.0000
0.0000
0.0000
0.0000
0.0000
0.0000
0.0000
0.0000
0.0000
0.0000
0.0000
0.0000
0.0000
0.0000
0.0000
0.0000
0.0000
0.0000
0.0000
1.4642
1.7813
2.2541
2.5460
2.8708
2.8845
2.9730
3.0960
3.1291
3.2516
3.2986
3.3101
3.2932
3.2815
3.2143
3.2151
3.1800
3.1355
3.0777
3.0428
3.1011
3.0869
3.0964
3.0964
3.1106
3.0692
3.0915
3.1037
3.0825
3.1153
3.0829
3.1106
3.1083
3.1068
3.1052
3.1044
3.1044
3.1051
3.0938
3.0997
3.0997
3.0981
3.1120
3.0459
3.0800
3.0602
3.0137
3.0624
3.0608
3.0568
3.0576
3.0627
3.1329
3.2404
3.1296
3.2912
3.1576
3.1104
3.1269
3.1293
3.1268
3.1287
3.1341
3.1359
3.1395
3.1420
3.1438
3.1462
3.1890
3.0838
3.0543
3.0497
3.1099
3.0608
3.0652
3.0676
2.8369
2.7513
0.0000
0.0000
0.0000
0.0000
0.0000
0.0000
0.0000
0.0000
0.0000
0.0000
0.0000
0.0000
0.0000
0.0000
0.0000
0.0000
0.0000
0.0000
0.0000
0.0000
0.0000
0.0000
0.0000
0.0000
0.0000
0.0000
0.0000
0.0000
0.0000
0.0000
0.0000
0.0000
0.0000
0.0000
0.0000
0.0000
0.0000
0.0000
0.0000
0.0000
0.0000
0.0000
0.0000
0.0000
0.0000
0.0000
0.0000
0.0000
0.0000
0.0000
0.0000
0.0000
0.0000
0.0000
0.0000
0.0000
0.0000
0.0000
0.0000
0.0000
0.0000
0.0000
0.0000
0.0000
0.0000
0.0000
0.0000
0.0000
0.0000
0.0000
0.0000
0.0000
0.0000
0.0000
0.0000
0.0000
0.0000
0.0000
0.0000
0.0000
0.0000
0.0000
0.0000
0.0000
0.0000
0.0000
0.0000
0.0000
0.0000
0.0000
0.0000
0.0000
0.0000
0.0000
0.0000
0.0000
0.0000
0.0000
0.0000
0.0000
0.0000
0.0000
0.0000
0.0000
0.0000
0.0000
0.0000
0.0000
0.0000
0.0000
0.0000
0.0000
0.0000
0.0000
0.0000
0.0000
0.0000
0.0000
0.0000
0.0000
0.0000
0.0000
0.0000
0.0000
0.0000
0.0000
0.0000
0.0000
0.0000
0.0000
0.0000
0.0000
0.0000
0.0000
0.0000
0.0000
0.0000
0.0000
0.0000
0.0000
0.0000
0.0000
0.0000
0.0000
0.0000
0.0000
0.0000
0.0000
0.0000
0.0000
0.0000
0.0000
0.0000
0.0000
0.0000
0.0000
0.0000
0.0000
0.0000
0.0000
0.0000
0.0000
0.0000
0.0000
0.0000
0.0000
0.0000
0.0000
1.3476
2.4153
3.0714
3.8130
3.9248
4.2343
4.2913
4.2691
4.2991
4.1518
3.4531
3.5066
3.4965
3.1277
2.8519
2.8461
2.8671
2.4008
2.4281
1.9846
2.3559
1.8717
3.0379
3.2568
3.6442
3.4834
3.5190
3.4815
3.4985
3.4867
3.5230
3.4712
3.4662
3.4628
3.4619
3.4611
3.4611
3.4611
3.4611
3.4580
3.4580
3.4580
3.4580
3.4580
3.4580
3.4580
3.4580
3.4580
3.4580
3.4564
3.4564
3.4564
3.4564
3.4564
3.4564
3.4564
3.4534
3.4534
3.4534
3.4088
3.4239
3.4220
3.4170
3.4021
3.4021
3.4021
3.4021
3.4021
3.4021
3.4021
3.4006
3.3888
3.3874
3.3845
3.3845
3.3845
3.3845
3.3845
3.3845
3.3845
3.3845
3.3731
3.3716
3.3716
3.3711
3.3706
3.3692
3.3692
3.3468
3.2559
3.2898
3.2935
3.3023
3.3297
3.1617
3.2775
2.9813
3.0272
3.0991
3.1608
3.3193
3.3473
3.3501
3.3501
3.3501
3.3501
3.3501
3.3501
3.3501
3.3878
3.3683
3.3702
3.3508
3.3633
3.3646
3.3624
3.3650
3.3663
3.3676
3.3676
3.3675
3.3670
3.3665
3.3924
3.3635
3.3642
3.3578
3.3547
3.3520
3.3416
3.2128
3.2256
3.1462
3.0281
3.0518
2.9402
2.8649
2.8985
2.5965
2.6523
2.6659
2.6599
2.6609
2.6632
2.6632
2.6841
2.6990
2.7113
2.7113
2.7136
2.7658
2.7834
2.7364
2.7381
2.7381
2.7381
2.7381
2.7381
2.7381
2.7381
2.7383
2.7388
2.7394
2.7402
2.7383
2.7209
2.6804
2.6682
2.5072
2.5327
2.7090
2.7965
2.8294
2.8374
2.8394
2.8394
2.8394
2.8394
2.8394
2.8394
2.8394
2.8394
2.8394
2.8334
2.7574
2.7306
2.6464
2.6925
2.7272
2.8088
2.8123
2.8123
2.8123
2.8123
2.8123
2.8123
2.8160
2.8217
2.8274
2.8350
2.8350
2.8350
2.8221
2.8346
2.8361
2.8364
2.8371
2.8348
2.8340
2.8304
2.8304
2.8260
2.8285
2.8271
2.8254
2.8230
2.8230
2.8205
2.8191
2.8082
2.8169
2.8072
2.8570
2.9372
0.0000
0.0000
0.0000
0.0000
0.0000
0.0000
0.0000
0.0000
0.0000
0.0000
0.0000
0.0000
0.0000
0.0000
0.0000
0.0000
0.0000
0.0000
0.0000
0.0000
0.0000
0.0000
0.0000
0.0000
0.0000
0.0000
0.0000
0.0000
0.0000
0.0000
0.0000
0.0000
0.0000
0.0000
0.0000
0.0000
0.0000
0.0000
0.0000
0.0000
0.0000
0.0000
0.0000
0.0000
0.0000
0.0000
0.0000
0.0000
0.0000
0.0000
0.0000
0.0000
0.0000
0.0000
0.0000
0.0000
0.0000
0.0000
0.0000
0.0000
0.0000
0.0000
0.0000
0.0000
0.0000
0.0000
0.0000
0.0000
0.0000
0.0000
0.0000
0.0000
0.0000
0.0000
0.0000
0.0000
0.0000
0.0000
0.0000
0.0000
0.0000
0.0000
0.0000
0.0000
0.0000
0.0000
0.0000
0.0000
0.0000
0.0000
0.0000
0.0000
0.0000
0.0000
0.0000
0.0000
0.0000
0.0000
0.0000
0.0000
0.0000
0.0000
0.0000
0.0000
0.0000
0.0000
0.0000
0.0000
0.0000
0.0000
0.0000
0.0000
0.0000
0.0000
0.0000
0.0000
0.0000
0.0000
0.0000
0.0000
0.0000
0.0000
0.0000
0.0000
0.0000
0.0000
0.0000
0.0000
0.0000
0.0000
0.0000
0.0000
0.0000
0.0000
0.0000
0.0000
0.0000
0.0000
0.0000
0.0000
0.0000
0.0000
0.0000
0.0000
0.0000
0.0000
0.0000
0.0000
