0.0000
0.0000
0.0000
0.0000
0.0000
0.0000
0.0000
0.0000
0.0000
0.0000
0.0000
0.8844
0.9762
0.9840
0.0000
0.0000
0.0000
0.0000
0.0000
0.0000
0.0000
0.0000
0.0000
0.0000
0.0000
0.0000
0.0000
0.0000
0.0000
0.0000
0.0000
0.0000
0.0000
0.0000
0.0000
0.0000
0.0000
0.0000
0.0000
0.0000
0.0000
0.0000
0.0000
0.0000
0.0000
0.0000
0.0000
0.0000
0.0000
0.0000
0.0000
0.0000
0.0000
0.0000
0.0000
0.0000
0.0000
0.0000
0.0000
0.0000
0.0000
0.0000
0.0000
0.0000
0.0000
0.0000
0.0000
0.0000
0.0000
0.0000
0.0000
0.0000
0.0000
0.0000
0.0000
0.0000
0.0000
0.0000
0.0000
0.0000
0.0000
0.0000
1.5104
1.8165
2.1560
2.4826
2.4171
2.3608
2.4358
2.4090
2.4155
2.4208
2.4243
2.4624
2.4980
2.4765
2.5227
2.5274
2.5291
2.5291
2.5291
2.5291
2.5296
2.5296
2.5296
2.5296
2.5296
2.5296
2.5296
2.5302
2.5302
2.5302
2.5302
2.5308
2.5308
2.5308
2.5308
2.5308
2.5308
2.5308
2.5308
2.5481
2.5319
2.5620
2.6280
2.6758
2.6053
2.5928
2.6270
2.5963
2.6149
2.6212
2.5956
2.4997
2.4501
2.4189
2.3827
2.3716
2.3660
2.3645
2.3632
2.3642
2.3637
2.3639
2.3658
2.3688
2.3716
2.3735
2.3749
2.3768
2.3792
2.3795
2.3809
2.3809
2.3816
2.3299
2.4151
2.4503
2.6929
2.6957
0.0000
0.0000
0.0000
0.0000
0.0000
0.0000
0.0000
0.0000
0.0000
0.0000
0.0000
0.0000
0.0000
0.0000
0.0000
0.0000
0.0000
0.0000
0.0000
0.0000
0.0000
0.0000
0.0000
0.0000
0.0000
0.0000
0.0000
0.0000
0.0000
0.0000
0.0000
0.0000
0.0000
0.0000
0.0000
0.0000
0.0000
0.0000
0.0000
0.0000
0.0000
0.0000
0.0000
0.0000
0.0000
0.0000
0.0000
0.0000
0.0000
0.0000
0.0000
0.0000
0.0000
0.0000
0.0000
0.0000
0.0000
0.0000
0.0000
0.0000
0.0000
0.0000
0.0000
0.0000
0.0000
0.0000
0.0000
0.0000
0.0000
0.0000
0.0000
0.0000
0.0000
0.0000
0.0000
0.0000
0.0000
0.0000
0.0000
1.7146
1.9719
2.4786
2.7300
2.8837
3.0716
3.0387
3.0414
3.0926
3.1736
3.1891
3.2345
3.2955
3.4375
3.4884
3.6916
3.7359
3.6900
3.6974
3.6825
3.6825
3.6838
3.7000
3.7063
3.7136
3.7127
3.7127
3.7127
3.7117
3.7140
3.7145
3.7401
3.7303
3.7285
3.7285
3.7285
3.7285
3.7285
3.7285
3.7285
3.7285
3.7285
3.7285
3.7285
3.7285
3.7285
3.7285
3.7285
3.7285
3.7285
3.7285
3.7285
3.7285
3.7285
3.7285
3.7285
3.7285
3.7285
3.7299
3.7313
3.7313
3.7291
3.7292
3.7284
3.6876
3.7160
3.6822
3.7050
3.7251
3.6944
3.7305
3.7305
3.7305
3.7258
3.6217
3.6599
3.6689
3.7103
3.7166
3.7289
3.7767
3.7908
3.8132
3.7805
3.7802
3.7788
3.7806
3.7806
3.7806
3.7710
3.7598
3.7210
3.7730
3.6590
3.5796
3.4730
3.4390
3.2981
3.3065
3.2980
3.2758
3.4083
3.6072
3.6100
3.6116
3.6172
3.6199
3.6175
3.6150
3.6141
3.6129
3.6106
3.6070
3.6083
3.6083
3.6083
3.6083
3.6048
3.6024
3.6025
3.5990
3.5978
3.5966
3.5966
3.5943
3.5932
3.5920
3.5908
3.5897
3.5897
3.5897
3.5471
3.5043
3.5103
3.5087
3.5021
3.4431
3.4478
3.4414
3.2879
2.9875
3.0343
3.0874
3.0964
3.1622
3.1774
3.1803
3.3134
3.5971
3.4726
3.6718
3.8056
3.8830
3.8743
3.9026
3.9499
3.9942
3.9816
3.9875
3.9857
3.9842
3.9327
3.9967
4.0001
4.0085
4.0070
4.0055
3.9828
4.0457
4.0635
4.0214
4.0143
3.9315
3.6769
3.7482
3.7379
3.7269
3.7220
3.7224
3.7220
3.7216
3.6989
3.7148
3.7148
3.7130
3.6625
3.6960
3.6918
3.6918
3.6918
3.6807
3.6133
3.5194
3.1882
3.2733
3.2711
3.2634
3.2399
3.2312
3.2296
3.2296
3.2303
3.2154
3.1124
2.8152
2.9183
2.5530
2.5050
2.4092
2.3968
2.3960
2.5750
2.6167
2.5761
2.5738
2.5671
2.4604
2.3251
2.3710
2.3715
2.3600
2.2930
2.3110
2.3095
2.3118
2.3106
2.3129
2.3109
2.3112
2.3119
2.3123
2.3125
2.3125
2.3125
2.3125
2.3125
2.3125
2.3125
2.3125
2.3126
2.3148
2.3272
2.3292
2.3302
2.3739
2.3392
2.3403
2.3405
2.3407
2.3409
2.3391
2.3374
2.3386
2.3391
0.0000
0.0000
0.0000
0.0000
0.0000
0.0000
0.0000
0.0000
0.0000
0.0000
0.0000
0.0000
0.0000
0.0000
0.0000
0.0000
0.0000
0.0000
0.0000
0.0000
0.0000
0.0000
0.0000
0.0000
0.0000
0.0000
0.0000
0.0000
0.0000
0.0000
0.0000
0.0000
0.0000
0.0000
0.0000
0.0000
0.0000
0.0000
0.0000
0.0000
0.0000
0.0000
0.0000
0.0000
0.0000
0.0000
0.0000
0.0000
0.0000
0.0000
0.0000
0.0000
0.0000
0.0000
0.0000
0.0000
0.0000
0.0000
0.0000
0.0000
0.0000
0.0000
0.0000
0.0000
0.0000
0.0000
0.0000
0.0000
0.0000
0.0000
0.0000
0.0000
0.0000
0.0000
0.0000
0.0000
0.0000
0.0000
0.0000
0.0000
0.0000
0.0000
0.0000
0.0000
0.0000
0.0000
0.0000
0.0000
0.0000
0.0000
0.0000
0.0000
0.0000
0.0000
0.0000
0.0000
0.0000
0.0000
0.0000
0.0000
0.0000
0.0000
0.0000
0.0000
0.0000
0.0000
0.0000
0.0000
0.0000
0.0000
0.0000
0.0000
0.0000
0.0000
0.0000
0.0000
0.0000
0.0000
0.0000
0.0000
0.0000
0.0000
0.0000
0.0000
0.0000
0.0000
0.0000
0.0000
0.0000
0.0000
0.0000
0.0000
0.0000
0.0000
0.0000
0.0000
0.0000
0.0000
0.0000
0.0000
0.0000
0.0000
0.0000
0.0000
0.0000
0.0000
0.0000
0.0000
0.0000
0.0000
0.0000
0.0000
0.0000
0.0000
0.0000
0.0000
0.0000
0.0000
0.0000
0.0000
0.0000
0.0000
0.0000
0.0000
