0.0000
0.0000
0.0000
0.0000
0.0000
0.0000
0.0000
0.4622
0.9316
1.3308
1.7489
1.9528
2.0152
2.0030
1.9882
1.8677
1.5368
1.5884
1.5604
1.5487
1.5613
1.5695
1.5738
1.5818
1.6537
2.0276
2.3112
2.3442
2.3610
2.3542
2.2926
2.1647
2.2379
2.3000
2.0902
2.1006
2.0930
2.1109
2.1073
2.1043
2.0758
2.0757
2.2575
2.3669
2.6322
2.7071
2.7547
2.7255
2.7779
2.7602
2.7635
2.7661
2.7786
2.8934
2.9058
3.0534
3.1270
3.1311
3.2666
3.2604
3.3062
3.3036
3.3068
3.3068
3.3068
3.3084
3.3084
3.3100
3.3132
3.3148
3.3180
3.3260
3.3766
3.3355
3.3403
3.3936
3.3499
3.3498
3.3624
3.3703
3.3781
3.3844
3.3882
3.3882
3.3898
3.3914
3.3914
3.3914
3.3999
3.4037
3.4381
3.4530
3.4630
3.5160
3.5129
3.5185
3.5449
3.6627
3.5991
3.6095
3.6406
3.6393
3.6529
3.5871
3.5871
3.5871
3.5871
3.5827
3.5755
3.5726
3.5565
3.5642
3.5215
3.5457
3.5754
3.5750
3.5735
3.5720
3.5702
3.5702
3.5702
3.5778
3.5880
3.5893
3.6466
3.6662
3.8338
3.7734
3.8274
3.8251
3.1557
3.1557
3.1557
3.1826
3.1750
3.1637
3.1375
3.1219
3.1204
3.1188
3.1188
3.1188
3.1188
3.1752
3.0334
3.0316
3.1306
3.0684
3.0684
3.0764
3.0834
3.0873
3.1034
3.0994
3.0968
3.1125
3.1005
3.0910
3.0877
3.0858
3.0858
3.0838
3.0834
3.0873
3.0984
3.1110
3.1106
3.1106
3.0955
3.0862
2.9118
2.8309
2.7876
2.4788
2.5306
2.5456
2.5634
2.5830
2.5680
2.5559
2.4602
2.4803
0.0000
0.0000
0.0000
0.0000
0.0000
0.0000
0.0000
0.0000
0.0000
0.0000
0.0000
0.0000
0.0000
0.0000
0.0000
0.0000
0.0000
0.0000
0.0000
0.0000
0.0000
0.0000
0.0000
0.0000
0.0000
0.0000
0.0000
0.0000
0.0000
0.0000
0.0000
0.0000
0.0000
0.0000
0.0000
1.4801
1.8618
2.2501
2.4392
2.4845
2.5717
2.6070
2.6354
2.7354
2.6805
2.6737
2.6737
2.6737
2.6794
2.6767
2.6767
2.6767
2.7250
2.7716
2.7934
2.7934
2.7901
2.7901
2.7901
2.7901
2.7884
2.7821
2.7573
2.7530
2.7514
2.7514
2.7514
2.7514
2.7497
2.7497
2.7367
2.7253
2.7154
2.7121
2.7036
2.7023
2.7023
2.6973
2.6913
2.6262
2.6491
2.6700
2.6683
2.6683
2.6632
2.6616
2.6599
2.6582
2.8115
2.7435
2.8196
2.8621
2.7011
2.6846
2.6461
2.6371
2.6471
2.6675
2.6108
2.6892
2.7349
2.7268
2.7920
2.7292
2.7908
2.7719
2.8696
2.8373
2.8518
2.8622
2.8522
2.8700
2.8485
2.8379
2.8489
2.8489
2.8489
2.8489
2.8464
2.8464
2.8416
2.8416
2.8416
2.8391
2.8391
2.8318
2.8269
2.8197
2.7440
2.7257
2.7535
2.7671
2.7522
2.7403
2.7332
2.7216
2.7213
2.7106
2.7080
2.7056
2.7056
2.7056
2.7056
2.7003
2.7008
2.7008
2.6984
2.6984
2.6960
2.6960
2.6937
2.6251
2.6137
2.6631
2.6573
2.5770
0.0000
0.0000
0.0000
0.0000
0.0000
0.0000
0.0000
0.0000
0.0000
0.0000
0.0000
0.0000
0.0000
0.0000
0.0000
0.0000
0.0000
0.0000
0.0000
0.0000
0.0000
0.0000
0.0000
0.0000
0.0000
0.0000
0.0000
0.0000
0.0000
0.0000
0.0000
0.0000
0.0000
0.0000
0.0000
0.0000
0.0000
0.0000
0.0000
0.0000
0.0000
0.0000
0.0000
0.0000
0.0000
0.0000
0.0000
0.0000
0.0000
0.0000
0.0000
0.0000
0.0000
0.0000
0.0000
0.0000
0.0000
0.0000
0.0000
0.0000
0.0000
0.0000
0.0000
0.0000
0.0000
0.0000
0.0000
0.0000
0.0000
0.0000
0.0000
0.0000
0.0000
0.0000
0.0000
0.0000
0.0000
0.0000
0.0000
0.0000
0.0000
0.0000
0.0000
0.0000
0.0000
0.0000
0.0000
0.0000
0.0000
0.0000
0.0000
0.0000
0.0000
0.0000
0.0000
0.0000
0.0000
0.0000
0.0000
0.0000
0.0000
0.0000
0.0000
0.0000
0.0000
0.0000
0.0000
0.0000
0.0000
0.0000
0.0000
0.0000
0.0000
0.0000
0.0000
0.0000
0.0000
0.0000
0.0000
0.0000
0.0000
0.0000
0.0000
0.0000
0.0000
0.0000
0.0000
0.0000
0.0000
0.0000
0.0000
0.0000
0.0000
0.0000
0.0000
0.0000
0.0000
0.0000
0.0000
0.0000
0.0000
0.0000
0.0000
0.0000
0.0000
0.0000
0.0000
0.0000
0.0000
0.0000
0.0000
0.0000
0.0000
0.0000
0.0000
0.0000
0.0000
0.0000
0.0000
0.0000
0.0000
0.0000
0.0000
0.0000
0.0000
0.0000
0.0000
0.0000
0.0000
0.0000
0.0000
0.0000
0.0000
0.0000
0.0000
0.0000
0.0000
0.0000
0.0000
0.0000
0.0000
0.0000
0.0000
0.0000
0.0000
0.0000
0.0000
0.0000
0.0000
0.0000
0.0000
0.0000
0.0000
0.0000
0.0000
0.0000
0.0000
0.0000
0.0000
0.0000
0.0000
0.0000
0.0000
0.0000
0.0000
0.0000
0.0000
0.0000
0.0000
0.0000
0.0000
0.0000
0.0000
0.0000
0.0000
0.0000
0.0000
0.0000
0.0000
0.0000
0.0000
0.0000
0.0000
0.0000
0.0000
0.0000
0.0000
0.0000
0.0000
0.0000
0.0000
0.0000
0.0000
0.0000
0.0000
0.0000
0.0000
0.0000
0.0000
0.0000
0.0000
0.0000
0.0000
0.0000
0.0000
0.0000
0.0000
0.0000
0.0000
0.0000
0.0000
0.0000
0.0000
0.0000
0.0000
0.0000
0.0000
0.0000
0.0000
0.0000
0.0000
0.0000
0.0000
0.0000
0.0000
0.0000
0.0000
0.0000
0.0000
0.0000
0.0000
0.0000
0.0000
0.0000
0.0000
0.0000
0.0000
0.0000
0.0000
0.0000
0.0000
0.0000
0.0000
0.0000
0.0000
0.0000
0.0000
0.0000
0.0000
0.0000
0.0000
0.0000
0.0000
0.0000
0.0000
0.0000
0.0000
0.0000
0.0000
0.0000
0.0000
0.0000
0.0000
0.0000
0.0000
0.0000
0.0000
0.0000
0.0000
0.0000
0.0000
0.0000
0.0000
0.0000
