0.0000
0.0000
0.0000
0.0000
0.0000
0.0000
0.9331
0.9203
0.9416
0.9995
1.3643
0.0000
0.0000
0.0000
0.0000
0.0000
0.0000
0.0000
0.0000
0.0000
0.0000
0.0000
0.0000
0.0000
0.0000
0.0000
0.0000
0.0000
0.0000
0.0000
0.0000
0.0000
0.0000
0.0000
0.0000
0.0000
0.0000
0.0000
0.0000
0.0000
0.0000
0.0000
0.0000
0.0000
0.0000
0.0000
0.0000
0.0000
0.0000
0.0000
0.0000
0.0000
0.0000
0.0000
0.0000
0.0000
0.0000
0.0000
0.0000
0.0000
1.0849
2.0919
2.5170
2.6353
2.6375
2.6375
2.6375
2.6375
2.6440
2.7260
2.7327
2.7327
2.7333
2.7373
2.7373
2.7379
2.7400
2.7440
2.7461
2.7468
2.7495
2.7502
2.8407
2.9524
2.9557
3.0225
3.0061
3.0172
2.9952
2.9925
3.0125
3.0125
3.0125
3.0125
3.0125
3.0109
3.0093
3.0037
2.9989
2.9989
2.9862
2.9347
2.7811
2.6804
2.7046
2.6865
2.5951
2.5285
2.4121
2.3915
2.2906
2.1860
2.2185
2.1335
2.1466
2.2723
2.2678
2.4055
2.3837
2.4382
2.4737
2.4192
2.4247
2.4247
2.4265
2.4283
2.4283
2.4283
2.4283
2.4283
2.4283
2.4283
2.4283
2.4283
2.4302
2.4457
2.4569
2.5334
2.5022
0.0000
0.0000
0.0000
0.0000
0.0000
0.0000
0.0000
0.0000
0.0000
0.0000
0.0000
0.0000
0.0000
0.0000
0.0000
0.0000
0.0000
0.0000
0.0000
0.0000
0.0000
0.0000
0.0000
0.0000
0.0000
0.0000
0.0000
0.0000
0.0000
0.0000
0.0000
0.0000
0.0000
0.0000
0.0000
0.0000
0.0000
0.0000
0.0000
0.0000
0.0000
0.0000
0.0000
0.0000
0.0000
0.0000
0.0000
0.0000
0.0000
0.0000
0.0000
0.0000
0.0000
0.0000
0.0000
0.0000
0.0000
0.0000
0.0000
0.0000
0.0000
0.0000
0.0000
0.0000
0.0000
0.0000
0.0000
0.0000
0.0000
0.0000
0.0000
0.0000
0.0000
0.0000
0.0000
0.0000
0.0000
0.0000
0.0000
0.0000
0.0000
0.0000
0.0000
0.0000
0.0000
0.0000
0.0000
0.0000
0.0000
0.0000
0.0000
0.0000
1.0887
1.6568
2.0621
2.3685
2.6125
2.9353
3.1357
3.2899
3.3740
3.3916
3.4137
3.5081
3.6019
3.6371
3.7482
3.7224
3.6823
3.7012
3.7343
3.3079
3.3079
3.3070
3.3070
3.3070
3.3060
3.2618
3.3046
3.3032
3.3019
3.3019
3.3019
3.2603
3.3005
3.2991
3.2729
3.2922
3.2755
0.0000
0.0000
0.0000
0.0000
0.0000
0.0000
0.0000
0.0000
0.0000
0.0000
0.0000
0.0000
0.0000
0.0000
0.0000
0.0000
0.0000
0.0000
0.0000
0.0000
0.0000
0.0000
0.0000
0.0000
0.0000
0.0000
0.0000
0.0000
0.0000
0.0000
0.0000
0.0000
0.0000
0.0000
0.0000
0.0000
0.0000
0.0000
0.0000
1.4362
1.9280
2.0224
1.9288
1.9492
1.9676
2.1011
2.0714
2.1341
2.0957
2.0984
2.1004
2.1021
2.1125
2.1156
2.1201
2.1329
2.1371
2.1424
2.1478
2.1561
2.1631
2.1690
2.1749
2.1860
2.1973
2.2061
2.2720
2.2411
2.2465
2.2479
2.2496
2.2511
2.2529
2.2543
2.2555
2.2566
2.2578
2.2583
2.2595
2.2604
2.2613
2.2621
2.2628
2.2632
2.2636
2.2640
2.2646
2.2652
2.2642
2.2649
2.2657
2.2664
2.2669
2.2675
2.2682
2.2687
2.2694
2.2637
2.2535
2.2533
2.2634
2.2544
2.3031
2.2800
2.2591
2.2502
2.2450
2.3144
2.2439
2.2440
2.2525
2.2650
2.2616
2.2624
2.2689
2.2904
2.3108
2.3206
2.3279
2.3433
2.3615
2.4019
2.4570
2.4968
2.5243
2.4856
2.5102
2.1875
2.3402
2.4589
2.4266
2.4117
2.4117
2.4139
2.4139
2.4136
2.4134
2.4350
2.4186
2.4176
2.4208
2.4205
2.4201
2.4194
2.4542
2.4209
2.4141
2.4108
2.4124
2.4314
2.4298
2.4910
2.4993
2.4182
2.2879
2.1535
2.1727
2.1957
2.1849
2.1928
2.1927
2.1928
2.1928
2.1945
2.1945
2.1945
2.1945
2.1963
2.1981
2.1981
2.1981
2.2296
0.0000
0.0000
0.0000
0.0000
0.0000
0.0000
0.0000
0.0000
0.0000
0.0000
0.0000
0.0000
0.0000
0.0000
0.0000
0.0000
0.0000
0.0000
0.0000
0.0000
0.0000
0.0000
0.0000
0.0000
0.0000
0.0000
0.0000
0.0000
0.0000
0.0000
0.0000
0.0000
0.0000
0.0000
0.0000
0.0000
0.0000
0.0000
0.0000
0.0000
0.0000
0.0000
0.0000
0.0000
0.0000
0.0000
0.0000
0.0000
0.0000
0.0000
0.0000
0.0000
0.0000
0.0000
0.0000
0.0000
0.0000
0.0000
0.0000
0.0000
0.0000
0.0000
0.0000
0.0000
0.0000
0.0000
0.0000
0.0000
0.0000
0.0000
0.0000
0.0000
0.0000
0.0000
0.0000
0.0000
0.0000
0.0000
0.0000
0.0000
0.0000
0.0000
0.0000
0.0000
0.0000
0.0000
0.0000
0.0000
0.0000
0.0000
0.0000
0.0000
0.0000
0.0000
0.0000
0.0000
0.0000
0.0000
0.0000
0.0000
0.0000
0.0000
0.0000
0.0000
0.0000
0.0000
0.0000
0.0000
0.0000
0.0000
0.0000
0.0000
0.0000
0.0000
0.0000
0.0000
0.0000
0.0000
0.0000
0.0000
0.0000
0.0000
0.0000
0.0000
0.0000
0.0000
0.0000
0.0000
0.0000
0.0000
0.0000
0.0000
0.0000
0.0000
0.0000
0.0000
0.0000
0.0000
0.0000
0.0000
0.0000
0.0000
0.0000
0.0000
0.0000
0.0000
0.0000
0.0000
0.0000
0.0000
0.0000
0.0000
0.0000
0.0000
0.0000
0.0000
0.0000
0.0000
0.0000
0.0000
0.0000
0.0000
0.0000
0.0000
0.0000
0.0000
0.0000
0.0000
0.0000
0.0000
0.0000
0.0000
0.0000
0.0000
0.0000
0.0000
0.0000
0.0000
0.0000
0.0000
0.0000
0.0000
0.0000
0.0000
0.0000
