0.0000
0.0000
0.0000
0.0000
0.0000
0.0000
0.0000
0.0000
0.0000
0.0000
0.0000
0.0000
0.0000
0.0000
0.9129
0.9378
0.9832
1.1442
1.1698
1.1692
1.1792
1.1780
1.1775
1.1789
1.1769
1.1861
1.1782
1.1751
1.1716
1.1681
1.1652
1.1633
1.1613
1.1598
1.1582
1.1581
1.1571
1.1565
1.1560
1.1645
1.1796
1.2692
1.2590
1.3457
1.3384
1.3776
1.5646
1.6744
1.7394
1.9022
1.9108
1.9554
2.0148
2.0223
2.1374
2.2437
2.2645
2.2226
2.3189
2.3617
2.4270
2.5116
2.6508
2.7779
2.7929
2.7942
2.7959
2.7975
2.7975
2.7975
2.7995
2.8120
2.8698
2.8411
2.8605
2.9965
2.9460
2.9445
2.9454
2.9473
2.9506
2.9516
2.9516
2.9516
2.9516
2.9516
2.9516
2.9516
2.9712
2.9800
2.9805
2.9805
2.9805
2.9810
2.9795
2.9770
2.9770
2.9770
2.9720
2.9644
2.9639
2.9629
2.9670
2.9881
2.9683
2.9683
2.9683
2.9892
2.9741
2.9893
2.7296
2.5722
2.4866
2.4953
2.4529
2.3324
2.2997
2.2440
2.2502
2.2428
2.3118
2.3041
2.2898
2.2779
2.2766
2.2673
2.2527
2.2416
2.2319
2.2241
2.2131
2.2212
2.2458
2.2118
2.4113
2.3551
2.3641
2.4086
2.3939
2.3927
2.3932
2.3956
2.4212
2.4241
2.4168
2.4134
2.4090
2.4042
2.4037
2.4011
2.3979
2.3950
2.3968
2.3950
2.4008
2.4182
2.4307
2.5703
2.5297
2.5285
2.5148
2.5575
2.6122
2.7851
2.9623
2.9789
3.0020
3.0180
3.1466
3.0365
3.1620
3.0939
3.1974
3.1576
3.1701
3.1784
3.1888
3.1900
3.1962
3.1799
3.1769
3.2020
3.2028
3.1995
3.1970
3.1980
3.1967
3.2102
3.1727
3.1474
3.1769
3.2163
3.2220
3.2149
3.2134
3.2195
3.2302
3.2290
3.2319
3.2329
3.2416
3.2669
3.2957
3.2428
3.2620
3.2618
3.2318
3.1997
3.2158
3.2037
3.1982
3.2098
3.1886
3.1909
3.1648
3.1658
3.1871
3.1654
3.0732
3.1307
3.1059
3.1236
3.0771
3.0903
3.0952
3.1197
3.1232
3.1763
3.2608
3.1844
3.3384
3.4171
3.3750
3.3786
3.3368
3.3199
3.3596
3.3856
3.3460
3.3687
3.4409
3.5229
3.5411
3.6232
3.6405
3.6409
3.6979
3.7127
3.7356
3.7454
3.7592
3.7599
3.8607
3.8242
3.9303
3.9476
3.9237
3.9390
3.9796
4.0949
4.0517
4.0490
4.0349
4.0342
4.0410
4.0426
4.0426
4.0442
4.0441
4.0441
4.0441
4.0441
4.0419
4.0421
4.0421
4.0421
4.0421
4.0421
4.0025
4.0019
3.9996
3.9992
3.9985
3.9985
3.9985
3.9985
3.9985
4.0001
4.0001
4.0033
3.9457
3.9309
3.8116
3.7634
3.6933
3.7709
3.8379
3.9020
4.0178
4.0178
4.1534
4.1679
4.2094
4.4162
4.4542
4.4408
4.4409
4.4392
4.4468
4.4507
4.4488
4.4463
4.4541
4.4537
4.4594
4.4617
4.4614
4.4614
4.4611
4.4611
4.4604
4.4601
4.4598
4.4598
4.4598
4.4592
4.4643
4.4855
4.5021
4.5210
4.5292
4.4997
4.4749
4.4656
4.4845
4.4639
4.3614
4.4381
4.4331
4.4378
4.4568
4.4512
4.4659
4.4675
4.4638
4.4644
4.4439
4.4366
4.4052
4.4259
4.3799
4.3522
4.3515
4.3336
4.3371
4.3356
4.3333
4.3273
4.3261
4.3234
4.3158
4.3158
4.2812
4.2066
4.0369
4.0211
4.0211
4.0211
4.0139
3.9238
3.6539
3.7664
3.7225
3.5678
3.6453
3.6427
3.4556
3.4586
3.4631
3.4631
3.4631
3.4567
3.4147
0.0000
3.4094
3.4094
3.4094
3.4529
3.6839
3.5798
3.5757
3.5746
3.5725
3.5725
3.5752
3.5887
3.5914
3.5925
3.5994
3.6005
3.6011
3.6136
3.6136
3.6136
3.6217
3.6379
3.6406
3.6514
3.6623
3.6825
3.6912
3.6912
3.6967
3.7272
3.7272
3.7272
3.8091
3.8176
3.8176
3.8176
3.8176
3.8149
3.8149
3.8149
3.8149
3.8149
3.8121
3.7886
3.6148
3.6407
3.6388
3.4955
3.5327
3.4108
3.2883
3.3113
3.2034
3.1570
2.8918
2.7015
2.6275
2.4763
2.3054
2.1778
2.0734
2.0445
1.9668
1.9695
1.9568
1.9493
1.9181
1.8745
1.8047
1.7926
1.7183
1.7318
1.7634
1.7612
1.7609
1.7578
1.7704
1.7714
1.7402
1.7534
1.7619
1.7695
1.8034
1.7991
1.7589
1.8190
1.9581
2.0948
2.1338
2.0829
2.1735
2.2669
2.2352
2.2435
2.2435
2.2435
2.2530
2.2700
2.3117
2.3665
2.4724
2.6153
2.5574
2.5558
2.5658
2.5843
2.6015
2.6079
2.6079
2.6079
2.6078
2.6078
2.6078
2.6093
2.6094
2.6094
2.6094
2.6094
2.6094
2.6137
2.6337
2.6778
2.7023
2.7100
2.7147
2.7147
2.7148
2.7283
2.7439
2.7905
2.8958
2.9291
2.9705
2.9579
2.9831
2.9633
2.8283
2.8978
2.8478
2.8458
2.8418
2.8418
2.8418
2.8052
2.7884
2.7744
2.7702
2.7447
2.8481
2.9138
2.9053
2.9675
2.9621
2.9641
2.9641
2.9620
2.9605
2.9568
2.9649
2.9708
2.9708
2.9737
2.9861
2.9941
3.0034
3.0033
3.0031
3.0022
2.9996
2.9408
2.8958
2.8850
2.8816
2.8745
2.8525
2.9734
3.0338
3.0190
3.0306
3.0306
3.0287
3.0232
3.0069
3.0005
3.0026
2.9842
2.9183
2.9419
2.9402
2.9431
2.8778
2.7059
2.6791
2.6318
2.5769
2.4187
2.1010
1.9355
