0.0000
0.0000
0.0000
0.0000
0.0000
0.0000
0.0000
0.0000
0.0000
0.0000
0.0000
0.0000
0.0000
0.0000
0.0000
0.0000
0.0000
0.0000
0.0000
0.0000
0.0000
0.0000
0.0000
0.0000
0.0000
0.0000
0.0000
0.0000
0.0000
0.0000
0.0000
0.0000
0.0000
0.0000
0.0000
0.0000
0.0000
0.0000
0.0000
0.0000
0.0000
0.0000
0.0000
0.0000
0.0000
1.1043
1.1838
1.1468
1.1826
1.2525
1.3910
1.3902
1.3976
1.4502
1.4484
1.4731
1.5198
1.5969
1.6385
1.9527
1.9999
2.0990
2.5496
2.5937
2.6468
2.8113
2.7168
2.7597
2.7486
2.7507
2.7432
2.6884
2.6818
2.4433
2.5007
2.4426
2.4970
2.6215
2.5692
2.5530
2.5748
2.6282
2.6813
2.7017
2.8152
2.7755
2.7510
2.7510
2.7510
2.7515
2.7525
2.7529
2.7553
2.7558
2.7568
2.7592
2.7597
2.7606
2.7621
2.7670
2.7726
2.7768
2.7905
2.7949
2.7960
2.8117
2.9509
2.9474
2.9803
3.0064
3.0285
3.0604
3.1151
3.1040
3.1662
3.1640
3.1718
3.3484
3.3311
3.2772
3.2773
3.2376
3.2371
3.2402
3.2354
3.2331
3.2470
3.1748
3.1003
3.1713
3.1455
3.0977
3.0917
3.0728
2.9500
2.9085
2.8538
2.7813
2.7782
2.7307
2.6065
2.3908
2.3502
2.3662
2.4370
2.3264
2.3802
2.3251
2.2917
2.2562
2.2767
2.2560
2.2595
2.2488
2.2494
2.2474
2.2341
2.2414
2.1895
2.2156
0.0000
0.0000
0.0000
0.0000
0.0000
0.0000
0.0000
0.0000
0.0000
0.0000
0.0000
0.0000
0.0000
0.0000
0.0000
0.0000
0.0000
0.0000
0.0000
0.0000
0.0000
0.0000
0.0000
0.0000
0.0000
0.0000
0.0000
0.0000
0.0000
0.0000
0.0000
0.0000
0.0000
0.0000
0.0000
0.0000
0.0000
0.0000
0.0000
0.0000
0.0000
0.0000
0.0000
0.0000
0.0000
0.0000
0.0000
0.0000
0.0000
0.0000
0.0000
0.0000
0.0000
0.0000
0.0000
0.0000
0.0000
0.0000
0.0000
0.0000
0.0000
0.0000
0.0000
0.0000
0.0000
0.0000
0.0000
0.0000
0.0000
0.0000
0.0000
0.0000
0.0000
0.0000
0.0000
0.0000
0.0000
0.0000
0.0000
0.0000
0.0000
0.0000
0.0000
0.0000
0.0000
0.0000
0.0000
0.0000
0.0000
0.0000
0.0000
0.0000
0.0000
0.0000
0.0000
0.0000
0.0000
0.0000
0.0000
0.0000
0.0000
0.0000
0.0000
0.0000
0.0000
0.0000
0.0000
0.0000
0.0000
0.0000
0.0000
0.0000
0.0000
0.0000
0.0000
0.0000
0.0000
0.0000
0.0000
0.0000
0.0000
0.0000
0.0000
0.0000
0.0000
0.0000
0.0000
0.0000
0.0000
0.0000
0.0000
0.0000
0.0000
0.0000
0.0000
0.0000
0.0000
0.0000
0.0000
1.1409
1.1492
1.1363
2.1491
3.3880
3.5704
3.8180
3.8577
3.9144
4.0536
4.0349
4.0193
4.0323
3.9140
3.8716
3.8697
3.7268
3.6493
3.5943
3.6423
3.4600
3.3690
3.3687
3.3642
3.3642
3.3642
3.3144
3.3349
3.2957
3.2649
3.2405
3.2186
3.2446
3.2476
3.2492
3.2454
3.2446
3.2435
3.2408
3.2408
3.2367
3.2369
3.2199
3.2264
3.2140
3.2117
3.2117
3.2104
3.2064
3.2025
3.2025
3.2104
3.2796
3.2673
3.2938
3.2983
3.3060
3.3122
3.3122
3.3136
3.3172
3.3187
3.3203
3.3203
3.3385
3.3385
3.3385
3.3385
3.3396
3.3396
3.3406
3.3437
3.3499
3.3520
3.3806
3.3587
3.3748
3.3939
3.3721
3.4059
3.3808
3.3808
3.3803
3.3805
3.3922
3.4284
3.5354
3.5583
3.6265
3.6137
3.6521
3.6574
3.6569
3.6569
3.6569
3.6569
3.7212
3.7303
3.7194
3.7263
3.7311
3.7350
3.7388
3.7442
3.8300
3.8832
3.8362
3.8378
3.8841
3.8745
3.8254
3.8239
3.7625
3.7646
3.7555
3.7738
3.6980
3.7495
3.7032
3.5312
3.4733
3.5975
3.2915
3.2348
3.0894
3.1102
3.0490
3.0825
3.2463
3.3309
3.3321
3.4983
3.6756
3.7972
3.7937
3.7439
3.7433
3.7455
3.7654
3.8018
3.8657
3.8103
3.8250
3.8250
3.8250
3.8250
3.8239
3.8243
3.8248
3.7393
3.6204
3.6098
3.6943
3.6704
3.6792
3.6788
3.6880
3.7067
3.6052
3.6635
3.6575
3.5910
3.5035
3.4102
3.3824
3.3516
3.3928
3.3161
3.2335
3.2371
3.2690
3.2574
3.2736
3.3649
3.3011
3.2978
3.2786
3.2622
3.2600
3.2731
3.2567
3.2394
3.1826
3.2223
3.2844
2.9371
2.7472
2.7474
2.7670
2.8147
2.7892
2.7019
2.6945
2.6798
2.6798
2.6365
2.6776
2.6544
2.5801
2.6298
2.5534
2.6019
2.6019
2.6021
2.6021
2.5980
2.5980
2.5845
2.5817
2.5817
2.5778
2.5774
2.5774
2.5754
2.5754
2.5754
2.5754
2.5754
2.5754
2.5754
2.6157
2.5953
2.5977
2.5983
2.5984
2.5984
2.6047
2.6041
2.6102
2.7042
2.6876
2.8135
2.7664
2.7770
2.8234
2.7877
2.8498
2.8058
2.8106
2.8457
2.8469
2.8901
2.8863
2.8874
2.8215
2.6821
2.7003
2.7156
2.9311
2.9302
3.0447
3.0779
3.0829
3.1573
3.1562
3.1644
3.1794
3.1997
3.2110
3.2176
3.2870
3.2913
3.3533
3.3779
3.4186
3.4395
3.4429
3.4192
3.4005
3.3189
3.2940
3.2992
3.2992
3.2992
3.2992
3.2992
3.3008
3.3009
3.2060
3.2541
3.2971
3.2692
3.3276
3.3303
3.3340
3.2930
3.2715
3.2627
3.2494
3.2406
3.2093
3.2120
3.2229
3.2295
3.1800
3.0938
3.1363
3.1363
3.1363
3.1363
3.1363
3.1363
3.1219
3.1219
3.1231
3.1247
3.0916
3.1324
3.1294
3.1294
3.1173
3.1173
3.1107
3.1022
3.1113
3.0690
3.0559
2.9799
3.0147
3.0618
3.0402
3.2919
3.3442
3.3721
3.3941
3.3966
3.4801
3.4017
3.4017
3.4013
3.4038
3.4055
3.4055
3.4246
3.4948
3.4921
3.4846
3.4835
3.5009
3.5002
3.4890
3.4890
3.5074
3.5496
3.5485
3.5599
3.6217
3.5619
3.5831
3.5773
3.5406
3.5423
3.5485
3.5696
3.5525
3.5681
3.5596
3.4879
3.5400
3.5490
3.5592
3.5691
3.5701
