0.0000
0.0000
0.0000
0.0000
1.1162
1.1184
1.1196
1.1206
1.1214
1.1236
1.1174
1.1165
1.1229
1.1754
1.2720
1.2979
1.3815
1.5632
1.7151
1.8890
1.9443
1.9388
1.9828
1.9915
1.9987
2.0101
2.0256
2.0345
2.0471
2.1017
2.2057
2.2489
2.3310
2.5438
2.5165
2.7345
2.6713
2.8144
2.8265
2.8651
2.9179
2.8417
2.7550
2.7285
2.5179
2.4519
2.4929
2.4929
2.4929
2.4929
2.4929
2.4918
2.4817
2.4764
2.4485
2.4868
2.4938
2.5163
2.5255
2.4925
2.5009
2.5009
2.4991
2.4428
2.3960
2.3843
2.3110
2.2458
2.4546
2.5558
2.4641
2.4100
2.3610
2.3818
2.4799
2.5011
2.5512
2.6293
2.6575
2.6110
2.6616
2.6161
2.5944
2.6454
2.7467
2.5943
2.6468
2.5675
2.5219
2.5513
2.5510
2.4519
2.4274
2.4622
2.3251
2.3111
2.3690
2.3690
2.2708
2.4053
2.5198
2.5609
2.6046
2.6428
2.7541
2.7012
2.7716
2.7560
2.7189
2.7186
2.6775
2.5552
2.4595
2.4046
2.4608
2.4107
2.3316
2.2729
1.9972
1.7028
1.9009
1.9043
1.9906
2.1169
2.1525
2.3682
2.2692
2.3191
2.2855
2.2943
2.3746
2.3002
2.3015
2.3149
2.3118
2.3125
2.2734
2.3020
2.2617
2.1465
2.0998
2.0942
2.0344
1.9783
1.9670
1.6825
1.6913
1.7408
1.7430
1.6949
1.7227
1.7131
1.6540
1.6876
1.6785
1.6799
1.6383
1.5972
1.6261
1.6088
1.5792
1.6065
1.5885
1.5728
1.5565
1.5539
1.6056
1.5390
1.4793
1.4705
1.4548
1.4330
1.4080
1.3940
1.3177
1.3683
1.2525
1.0529
0.7382
0.7342
0.0000
0.0000
0.0000
0.0000
0.0000
0.0000
0.0000
0.0000
0.0000
0.0000
0.0000
0.0000
0.0000
0.0000
0.0000
0.0000
0.0000
0.0000
0.0000
0.0000
0.0000
0.0000
0.0000
0.0000
0.0000
0.0000
0.0000
0.0000
0.0000
0.0000
0.0000
0.0000
0.0000
0.0000
0.0000
0.0000
0.0000
0.0000
0.0000
0.0000
0.0000
0.0000
0.0000
0.0000
0.0000
0.0000
0.0000
0.0000
0.0000
0.0000
0.0000
0.0000
0.0000
0.0000
0.0000
0.0000
0.0000
0.0000
0.0000
0.0000
0.0000
0.0000
0.0000
0.0000
0.0000
0.0000
0.0000
0.0000
0.0000
0.0000
0.0000
0.0000
0.0000
0.0000
0.0000
0.0000
0.0000
0.0000
1.0701
0.8751
1.2465
1.8770
2.5091
3.0172
2.9467
2.9086
3.1489
3.2909
3.3858
3.3170
3.1352
3.0594
3.1564
3.5285
3.8916
4.2038
4.1330
4.1020
4.1033
4.1033
4.2012
4.1998
4.1998
3.5433
3.6455
3.3941
3.1347
2.6040
2.3788
2.0054
1.9490
1.6736
1.9073
2.0641
2.1431
2.2745
2.5119
2.4036
2.4398
2.5014
2.4957
2.5479
2.5783
2.7097
2.8266
2.9880
2.9629
3.0848
3.2341
3.2094
3.2057
3.1993
3.2317
3.2514
3.2367
3.1953
3.0233
2.9737
0.0000
0.0000
0.0000
0.0000
0.0000
0.0000
0.0000
0.0000
0.0000
0.0000
0.0000
0.0000
0.0000
0.0000
0.0000
0.0000
0.0000
0.0000
0.0000
0.0000
0.0000
0.0000
0.0000
0.0000
0.0000
0.0000
0.0000
0.0000
0.0000
0.0000
0.0000
0.0000
0.0000
0.0000
0.0000
0.0000
0.0000
0.0000
0.0000
0.0000
0.0000
0.0000
0.0000
0.0000
0.0000
0.0000
0.0000
0.0000
0.0000
0.0000
0.0000
0.0000
0.0000
0.0000
0.0000
0.0000
0.0000
0.0000
0.0000
0.0000
0.0000
0.0000
0.0000
0.0000
0.0000
0.0000
0.0000
0.0000
0.0000
0.0000
0.0000
0.0000
0.0000
0.0000
0.0000
0.0000
0.0000
0.0000
0.0000
0.0000
0.0000
0.0000
0.0000
0.0000
0.0000
0.0000
0.0000
0.0000
0.0000
0.0000
0.0000
0.0000
0.0000
0.0000
0.0000
0.0000
0.0000
1.6200
2.0663
2.1166
2.1187
2.0125
2.0246
2.1520
2.1267
2.0978
1.9738
1.9469
2.0488
2.0756
2.1821
2.1575
2.1781
2.1558
1.9542
1.9302
1.8942
1.7416
1.7795
1.7463
1.6250
1.1480
0.0000
0.0000
0.0000
0.0000
0.0000
0.0000
0.0000
0.0000
0.0000
0.0000
0.0000
0.0000
0.0000
0.0000
0.0000
0.0000
0.0000
0.0000
0.0000
0.0000
0.0000
0.0000
0.0000
0.0000
0.0000
0.0000
0.0000
0.0000
1.0652
1.3853
1.5678
1.8775
1.7078
1.2521
1.3264
2.4155
2.8804
3.5032
4.0316
4.1135
3.8402
3.5685
2.9644
2.4779
1.6471
1.5823
1.6218
1.5955
1.7977
1.9090
1.9171
0.0000
0.0000
0.0000
0.0000
0.0000
0.0000
0.0000
0.0000
0.0000
0.0000
0.0000
0.0000
0.0000
0.0000
0.0000
0.0000
0.0000
0.0000
0.0000
0.0000
0.0000
0.0000
0.0000
0.0000
0.0000
0.0000
0.0000
0.0000
0.0000
0.0000
0.0000
0.0000
0.0000
0.0000
0.0000
0.0000
0.0000
0.0000
0.0000
0.0000
0.0000
0.0000
0.0000
0.0000
0.0000
0.0000
0.0000
0.0000
0.0000
0.0000
0.0000
0.0000
0.0000
0.0000
0.0000
0.0000
0.0000
0.0000
0.0000
0.0000
0.0000
0.0000
0.0000
0.0000
0.0000
0.0000
0.0000
0.0000
0.0000
0.0000
0.0000
0.0000
0.0000
0.0000
0.0000
0.0000
0.0000
0.0000
0.0000
0.0000
0.0000
0.0000
0.0000
0.0000
0.0000
0.0000
0.0000
0.0000
0.0000
0.0000
0.0000
0.0000
0.0000
0.0000
0.0000
0.0000
0.0000
0.0000
0.0000
0.0000
0.0000
0.0000
0.0000
0.0000
0.0000
0.0000
0.0000
0.0000
0.0000
0.0000
0.0000
0.0000
0.0000
0.0000
0.0000
0.0000
0.0000
0.0000
0.0000
0.0000
0.0000
0.0000
0.0000
0.0000
0.0000
0.0000
0.0000
0.0000
0.0000
0.0000
0.0000
0.0000
0.0000
0.0000
0.0000
0.0000
0.0000
0.0000
0.0000
0.0000
0.0000
0.0000
0.0000
0.0000
0.0000
0.0000
0.0000
0.0000
0.0000
0.0000
0.0000
0.0000
0.0000
0.0000
0.0000
0.0000
0.0000
0.0000
0.0000
0.0000
0.0000
0.0000
0.0000
0.0000
0.0000
0.0000
0.0000
0.0000
0.0000
0.0000
0.0000
0.0000
0.0000
