0.0000
0.0000
0.0000
0.0000
0.0000
0.0000
0.0000
0.0000
0.0000
0.0000
0.0000
0.0000
0.0000
0.0000
0.0000
0.0000
0.0000
0.0000
0.0000
0.0000
0.0000
0.0000
0.0000
0.0000
0.0000
0.0000
0.0000
0.0000
1.1946
1.2376
1.3187
1.3701
1.4276
1.6251
1.7822
1.9525
2.0092
2.2142
1.9953
2.0195
2.2739
2.2864
2.3784
2.4166
2.5001
2.5061
2.5061
2.5061
2.5066
2.5066
2.5066
2.5066
2.5082
2.5097
2.5118
2.5140
2.5136
2.5144
2.5171
2.5199
2.5261
2.5289
2.5301
2.5301
2.5307
2.5307
2.5426
2.4693
2.4745
2.4745
2.4538
2.4487
2.4423
2.4281
2.3865
2.3820
2.4103
2.3876
2.3938
2.3938
2.5035
2.5289
2.6354
2.6225
2.6238
2.6287
2.6308
2.6393
2.6400
2.6407
2.6407
2.6407
2.6407
2.6407
2.6407
2.6415
2.6415
2.6436
2.6679
2.7058
2.6920
2.7049
2.7077
2.7114
2.7609
2.7382
2.7419
2.7471
2.7472
2.7771
2.7605
2.7438
2.7337
2.7339
2.7332
2.7321
2.7182
2.7238
2.7490
2.6024
2.5849
2.5330
2.5227
2.4557
2.4557
2.2171
2.8346
2.8199
2.8612
2.8470
2.9139
2.8967
2.9073
2.9284
2.9844
3.0471
3.0753
3.0839
3.2223
3.2289
3.2289
3.2289
3.2289
3.1835
2.6847
2.5383
2.2913
2.0989
1.8769
1.7875
1.8222
1.7916
1.6994
1.7587
1.6594
1.6669
1.6736
1.6734
1.6743
1.6702
1.6665
1.6540
1.6797
1.6517
1.6335
1.6184
1.5905
1.5717
1.5996
1.6010
1.5984
1.5960
1.5952
1.5964
1.6172
1.6440
1.6592
1.6655
1.6800
1.6866
1.6931
1.7111
1.7153
1.7955
1.7694
1.7586
1.7474
1.7394
1.7284
1.7246
1.7197
1.7111
1.6906
0.0000
0.0000
0.0000
0.0000
0.0000
0.0000
0.0000
0.0000
0.0000
0.0000
0.0000
0.0000
0.0000
0.0000
0.0000
0.0000
0.0000
0.0000
0.0000
0.0000
0.0000
0.0000
0.0000
0.0000
0.0000
0.0000
0.0000
0.0000
0.0000
0.0000
0.0000
0.0000
0.0000
0.0000
0.0000
0.0000
0.0000
0.0000
0.0000
0.0000
0.0000
0.0000
0.0000
0.0000
0.0000
0.0000
0.0000
0.0000
0.0000
0.0000
0.0000
0.0000
0.0000
0.0000
0.0000
0.0000
0.0000
1.8541
1.4586
1.4533
1.9315
2.2489
2.3068
2.4419
2.4201
2.5859
2.8344
2.8786
3.2472
3.4771
3.7114
4.0465
4.1187
4.1057
4.1057
4.1022
4.1022
4.0385
4.0322
4.0575
3.9727
3.7841
3.5385
3.5514
3.2903
3.1679
2.9347
2.8886
2.8142
2.7016
2.5758
2.2492
2.2041
1.9219
1.8544
1.9503
1.9252
2.0747
2.2667
2.4029
2.5957
2.7191
2.7254
2.7104
2.8146
2.8862
2.8862
2.8948
2.9915
3.0593
3.0593
3.0597
2.9997
0.0000
0.0000
0.0000
0.0000
0.0000
0.0000
0.0000
0.0000
0.0000
0.0000
0.0000
0.0000
0.0000
0.0000
0.0000
0.0000
0.0000
0.0000
0.0000
0.0000
0.0000
0.0000
0.0000
0.0000
0.0000
0.0000
0.0000
0.0000
0.0000
0.0000
0.0000
0.0000
0.0000
0.0000
0.0000
0.0000
0.0000
0.0000
0.0000
0.0000
0.0000
0.0000
0.0000
0.0000
0.0000
0.0000
0.0000
0.0000
0.0000
0.0000
0.0000
0.0000
0.0000
0.0000
0.0000
0.0000
0.0000
0.0000
0.0000
0.0000
0.0000
0.0000
0.0000
0.0000
0.0000
0.0000
0.0000
0.0000
0.0000
0.0000
0.0000
0.0000
0.0000
0.0000
0.0000
0.0000
0.0000
0.0000
0.0000
0.0000
0.0000
0.0000
0.0000
0.0000
0.0000
0.0000
0.0000
0.0000
0.0000
0.0000
0.0000
0.0000
0.0000
0.0000
0.0000
0.0000
0.0000
0.0000
0.0000
0.0000
0.0000
0.0000
0.0000
0.0000
0.0000
0.0000
0.0000
0.0000
0.0000
0.0000
0.0000
0.0000
0.0000
0.0000
0.0000
0.0000
0.0000
0.0000
0.0000
0.0000
0.0000
0.0000
0.0000
0.0000
0.0000
0.0000
0.0000
0.0000
0.0000
0.0000
0.0000
0.0000
0.0000
0.0000
0.0000
0.0000
0.0000
0.0000
0.0000
0.0000
0.0000
0.0000
0.0000
0.0000
0.0000
0.0000
0.0000
0.0000
0.0000
0.0000
0.0000
0.0000
0.0000
0.0000
0.0000
0.0000
0.0000
0.0000
0.0000
0.0000
0.0000
0.0000
0.0000
0.0000
0.0000
0.0000
0.0000
0.0000
0.0000
0.0000
0.0000
0.0000
0.0000
0.0000
0.0000
0.0000
0.0000
0.0000
0.0000
0.0000
0.0000
0.0000
0.0000
0.0000
0.0000
0.0000
0.0000
0.0000
0.0000
0.0000
0.0000
0.0000
0.0000
0.0000
0.0000
0.0000
0.0000
0.0000
0.0000
0.0000
0.0000
0.0000
0.0000
0.0000
0.0000
0.0000
0.0000
0.0000
0.0000
0.0000
0.0000
0.0000
0.0000
0.0000
0.0000
0.0000
0.0000
0.0000
0.0000
0.0000
0.0000
0.0000
0.0000
0.0000
0.0000
0.0000
0.0000
0.0000
0.0000
0.0000
0.0000
0.0000
0.0000
0.0000
0.0000
0.0000
0.0000
0.0000
0.0000
0.0000
0.0000
0.0000
0.0000
0.0000
0.0000
0.0000
0.0000
0.0000
0.0000
0.0000
0.0000
0.0000
0.0000
0.0000
0.0000
0.0000
0.0000
0.0000
0.0000
0.0000
0.0000
0.0000
0.0000
0.0000
0.0000
0.0000
0.0000
0.0000
0.0000
0.0000
0.0000
0.0000
0.0000
0.0000
0.0000
0.0000
0.0000
0.0000
0.0000
0.0000
0.0000
0.0000
0.0000
0.0000
0.0000
0.0000
0.0000
0.0000
0.0000
0.0000
0.0000
0.0000
0.0000
0.0000
0.0000
0.0000
0.0000
0.0000
0.0000
0.0000
0.0000
0.0000
0.0000
0.0000
0.0000
0.0000
0.0000
0.0000
0.0000
0.0000
0.0000
0.0000
0.0000
0.0000
0.0000
0.0000
0.0000
0.0000
0.0000
0.0000
0.0000
0.0000
0.0000
0.0000
0.0000
0.0000
0.0000
0.0000
0.0000
0.0000
0.0000
0.0000
0.0000
0.0000
0.0000
0.0000
0.0000
0.0000
0.0000
0.0000
0.0000
0.0000
0.0000
0.0000
0.0000
0.0000
0.0000
0.0000
0.0000
0.0000
0.0000
0.0000
0.0000
0.0000
0.0000
0.0000
0.0000
0.0000
0.0000
0.0000
0.0000
0.0000
0.0000
0.0000
