0.0000
0.0000
0.0000
0.0000
0.0000
0.0000
0.0000
0.0000
0.0000
0.0000
0.0000
0.0000
0.0000
0.0000
0.0000
0.0000
0.0000
0.0000
0.0000
0.0000
0.0000
0.0000
0.0000
0.0000
0.0000
0.0000
0.0000
0.0000
0.0000
0.0000
0.0000
0.0000
0.0000
0.0000
0.0000
0.0000
0.0000
0.0000
0.0000
0.0000
0.0000
0.0000
0.0000
0.0000
0.0000
0.0000
0.0000
0.0000
0.0000
0.0000
0.0000
0.0000
0.0000
0.8582
1.2212
1.6863
2.0244
2.0295
2.1408
2.1361
2.1833
2.2700
2.2870
2.3155
2.3274
2.3429
2.4179
2.5150
2.5339
2.5214
2.7792
2.6863
2.7066
2.7341
2.7421
2.7439
2.7469
2.8256
2.9186
3.2273
3.3007
3.3641
3.5023
3.5621
3.5705
3.6701
3.6525
3.6579
3.6579
3.6579
3.6596
3.5362
3.3655
2.9584
2.7546
2.8151
2.8813
2.9570
3.0042
3.0049
3.0095
3.0110
3.0275
3.1124
3.1111
3.1288
3.2024
3.2723
3.2605
3.3015
3.3015
3.2940
3.2940
3.2886
3.2613
3.2654
3.2243
3.2544
3.2395
3.2379
3.2346
3.2045
3.0952
2.8686
2.7183
2.4929
2.3502
2.3096
2.1365
2.1658
2.3163
2.4688
2.5665
2.5736
2.7079
2.6871
2.6863
2.6957
2.7222
2.8278
2.9174
2.8578
2.8448
2.8583
2.9401
2.9634
2.9781
2.9685
2.9758
2.9755
2.9752
2.9727
2.8796
2.8636
2.4867
2.3998
2.3427
2.2615
0.0000
0.0000
0.0000
0.0000
0.0000
0.0000
0.0000
0.0000
0.0000
0.0000
0.0000
0.0000
0.0000
0.0000
0.0000
0.0000
0.0000
0.0000
0.0000
0.0000
0.0000
0.0000
0.0000
0.0000
0.0000
0.0000
0.0000
0.0000
0.0000
0.0000
0.0000
0.0000
0.0000
0.0000
0.0000
0.0000
0.0000
0.0000
0.0000
0.0000
0.0000
0.0000
0.0000
0.0000
0.0000
0.0000
0.0000
0.0000
0.0000
0.0000
0.0000
0.0000
0.0000
0.0000
0.0000
0.0000
0.0000
0.0000
0.0000
0.0000
0.0000
0.0000
0.0000
0.0000
0.0000
0.0000
0.0000
0.0000
0.0000
0.0000
0.0000
0.0000
0.0000
0.0000
0.0000
0.0000
0.0000
0.0000
0.0000
0.0000
0.0000
0.0000
0.0000
0.0000
0.0000
0.0000
0.0000
1.1517
1.2313
1.5584
1.9963
2.1521
2.4465
2.6095
2.8849
2.8815
3.3490
3.5711
3.5760
3.5761
3.6579
3.6987
3.7838
3.7952
3.8257
3.8257
3.8257
3.8257
3.8257
3.8257
3.8245
3.8283
3.8308
3.8249
3.8237
3.8214
3.7758
3.6566
3.3952
3.3660
3.4034
3.2984
3.3064
3.2677
3.2762
3.2744
3.2799
3.2813
3.2813
3.2938
3.3542
3.3526
3.3178
3.3387
3.3222
3.3154
3.3004
3.2984
3.2939
3.2924
3.2914
3.2765
3.2755
3.2745
3.2735
3.2676
3.2463
3.2270
3.2450
3.2774
3.3173
3.3182
3.3228
3.3237
3.3221
3.3221
3.3221
3.3221
3.3221
3.3221
3.3221
3.3221
3.3206
3.3175
3.2981
3.0642
3.0055
2.9345
2.9460
2.9724
2.9490
2.9893
2.9548
2.9848
2.9965
2.9965
3.0121
3.0152
3.0289
3.1038
3.1066
3.1048
3.1048
3.1048
3.1110
3.1272
3.0199
3.0878
2.9518
2.9040
2.8069
2.7949
2.8048
2.8172
2.7574
2.7979
2.8619
3.0286
3.0793
3.0761
3.1003
3.0954
3.0989
3.1157
3.0776
3.0830
3.0631
3.0644
3.0644
3.0644
3.0644
3.0625
3.0632
3.0632
3.0495
3.0495
3.0495
3.0587
3.0707
3.0707
3.0707
3.0680
3.0600
3.0547
3.0520
3.0520
3.0467
3.0333
3.0201
2.9902
3.0179
2.8817
2.9645
2.9966
2.9562
2.9550
2.9550
2.9690
2.9613
2.9586
2.9573
2.9573
2.9613
2.9654
2.9776
2.9686
2.8796
2.7285
2.6554
2.7123
2.8353
2.8913
2.8635
2.8817
2.8946
2.9005
2.8034
2.7085
2.7918
2.7447
2.7244
2.7740
2.7248
2.7201
2.7215
2.7921
2.8401
2.8935
2.8513
2.8455
2.8272
2.7991
2.7941
2.7941
2.7955
2.8466
2.8070
2.8113
2.8157
2.8416
2.8610
2.8628
2.8210
2.8729
2.8233
2.7056
2.6808
2.6886
2.7042
2.7100
2.7115
2.7146
2.7376
2.7255
2.7349
2.7436
2.7491
2.7507
2.7524
2.7524
2.7524
2.7524
2.7524
2.7540
2.7557
2.7557
2.8448
2.8124
2.8124
2.8124
2.8385
2.8860
2.9027
3.0026
3.0761
3.1669
3.2138
3.2600
3.2459
3.3231
3.4232
3.5362
3.5686
3.8224
3.7385
3.7742
3.7865
3.7383
3.6792
3.6331
3.6874
3.8237
3.8355
4.0262
4.0409
3.9913
4.0761
4.0424
4.0572
4.0998
4.0914
4.1721
4.1569
4.2254
4.1975
4.2431
4.2959
4.3039
4.2972
4.3035
4.2990
4.3645
4.3308
4.2861
4.3320
4.3504
4.2285
4.1813
4.1330
4.0938
3.9979
3.7902
0.0000
0.0000
0.0000
0.0000
0.0000
0.0000
0.0000
0.0000
0.0000
0.0000
0.0000
0.0000
0.0000
0.0000
0.0000
0.0000
0.0000
0.0000
0.0000
0.0000
0.0000
0.0000
0.0000
0.0000
0.0000
0.0000
0.0000
0.0000
0.0000
0.0000
0.0000
0.0000
0.0000
0.0000
0.0000
0.0000
0.0000
0.0000
0.0000
0.0000
0.0000
0.0000
0.0000
0.0000
0.0000
0.0000
0.0000
0.0000
0.0000
0.0000
0.0000
0.0000
0.0000
0.0000
0.0000
0.0000
0.0000
0.0000
0.0000
0.0000
0.0000
0.0000
0.0000
0.0000
0.0000
0.0000
0.0000
0.0000
0.0000
0.0000
0.0000
0.0000
0.0000
0.0000
0.0000
0.0000
0.0000
0.0000
0.0000
0.0000
0.0000
0.0000
0.0000
0.0000
0.0000
0.0000
0.0000
0.0000
0.0000
0.0000
0.0000
0.0000
0.0000
0.0000
0.0000
0.0000
0.0000
0.0000
0.0000
0.0000
0.0000
0.0000
0.0000
0.0000
0.0000
0.0000
0.0000
0.0000
0.0000
0.0000
0.0000
0.0000
0.0000
0.0000
0.0000
0.0000
0.0000
0.0000
0.0000
0.0000
0.0000
0.0000
0.0000
0.0000
0.0000
0.0000
0.0000
0.0000
0.0000
0.0000
0.0000
0.0000
0.0000
0.0000
0.0000
0.0000
0.0000
0.0000
0.0000
0.0000
0.0000
0.0000
0.0000
0.0000
0.0000
