0.6893
0.9780
1.3669
1.7809
1.8960
1.8699
2.0146
2.0650
2.0900
2.2182
2.2376
2.3488
2.3116
2.2996
2.2998
2.2614
2.2830
2.2669
2.5317
2.6429
2.6422
2.6761
2.7954
2.7987
2.8607
2.9181
2.9356
3.1071
3.1109
3.0801
3.1632
3.1190
3.1196
3.1241
3.1503
3.1599
3.1586
3.1586
3.1586
3.1586
3.1586
3.1586
3.1586
3.1586
3.2179
3.2240
3.1763
3.1787
3.1826
3.1861
3.1900
3.2255
3.1999
3.1997
3.2004
3.2010
3.2010
3.2010
3.2010
3.2010
3.2010
3.2010
3.2010
3.2010
3.1940
3.1059
3.1042
3.1147
3.1114
3.1169
3.1786
3.2868
3.2484
3.3488
3.3142
3.3143
3.3143
3.3159
3.3261
3.3294
3.3294
3.3294
3.3360
3.3392
3.3392
3.3425
3.3522
3.3641
3.3689
3.3785
3.3760
3.3760
3.3760
3.3760
3.3760
3.3760
3.3760
3.3760
3.3760
3.3760
3.3760
3.3760
3.3760
3.3760
3.3810
3.3946
3.3993
3.3995
3.4178
3.4178
3.4262
3.4346
3.4375
3.4796
3.4723
3.4531
3.4587
3.4937
3.5256
3.5116
3.5244
3.5515
3.5788
3.6052
3.6418
3.6518
3.6953
3.6698
3.5380
3.4742
3.3315
3.1734
3.1250
3.1187
3.1322
3.0999
3.0849
3.1098
3.0257
3.0096
3.0014
2.9438
2.9750
3.0059
3.0886
3.2066
3.3663
3.4512
3.3718
3.4034
3.4184
3.5420
3.4389
3.4357
3.4579
3.4847
3.4947
3.4908
3.5518
3.5924
3.6206
3.6018
3.7528
3.8480
3.8305
3.8480
3.8642
3.8637
3.8637
3.8557
3.7859
3.8093
3.7816
3.7573
3.6791
3.6789
3.6556
3.5560
3.4737
3.4575
3.4177
0.0000
0.0000
0.0000
0.0000
0.0000
0.0000
0.0000
0.0000
0.0000
0.0000
0.0000
0.0000
0.0000
0.0000
0.0000
0.0000
0.0000
0.0000
0.0000
0.0000
0.0000
0.0000
0.0000
0.0000
0.0000
0.0000
0.0000
0.0000
0.0000
0.0000
0.0000
0.0000
0.0000
0.0000
0.0000
0.0000
0.0000
0.0000
0.0000
0.0000
0.0000
0.0000
1.0579
1.2199
1.3582
1.5848
1.7851
2.0446
2.3516
2.6581
2.8119
2.8277
3.0635
3.0768
3.1027
3.1058
3.1222
3.1708
3.1783
3.3508
3.3791
3.4132
3.4303
3.4492
3.4558
3.4649
3.5498
3.5692
3.6698
3.7285
3.6755
3.6751
3.7021
3.6919
3.6328
3.7337
3.7755
3.7855
3.7906
3.7956
3.7956
3.7972
3.7987
3.7987
3.7987
3.7987
3.8068
3.7501
3.6402
3.5914
3.4975
3.5007
3.5248
3.5806
3.5314
3.5314
3.5330
3.5330
3.5259
3.5037
3.5052
3.5052
3.5052
3.5052
3.5052
3.5052
3.5052
3.5052
3.5052
3.5052
3.5053
3.5052
3.5316
3.5642
3.5658
3.5961
3.6782
3.6663
3.6597
3.5313
3.4681
3.4231
3.3317
3.3042
3.2502
3.2014
3.0987
3.0614
2.9779
2.8616
2.8785
2.9131
2.8767
2.7288
2.7254
2.5932
2.5918
2.6087
2.6433
2.6350
2.6441
2.6555
2.6567
2.6120
2.5451
2.4388
2.5249
2.5581
2.5601
2.5932
2.5746
2.5033
2.5036
2.5638
2.7528
2.9028
2.8561
2.8446
2.9755
2.8749
2.8870
2.8845
2.8539
2.8501
2.8096
2.7822
2.7248
2.7206
2.7029
2.6910
2.6776
2.6714
2.6605
2.6457
2.5621
2.6323
2.6587
2.6332
2.6561
2.6390
2.6403
2.6424
2.6443
2.6462
2.6457
2.6460
2.6430
2.6520
2.6758
2.6568
2.6592
2.6321
2.6372
2.6359
2.6359
2.6334
2.6334
2.6334
2.6334
2.6482
2.6473
2.6473
2.6473
2.6468
2.6463
2.6406
2.6373
2.6409
2.6505
2.6596
2.6630
2.6864
2.7171
2.7521
2.7223
2.7598
2.7851
2.7649
2.7754
2.7943
2.8775
2.9727
2.9455
2.9479
3.0735
2.9824
3.0026
3.0136
3.0197
3.0346
3.1289
3.0996
3.1010
3.1219
3.1357
3.1868
3.2651
3.3717
3.2977
3.3138
3.3250
3.3268
3.3268
3.3408
3.2758
3.3137
3.3150
3.3097
3.2651
3.2754
3.1852
3.2193
3.2126
3.2126
3.2126
3.1935
3.1660
3.1470
3.1203
3.1083
3.0608
3.0407
3.0308
2.9560
2.8682
2.8723
2.8954
2.9054
2.9091
2.9105
2.9105
2.9105
2.9105
2.9105
2.9098
2.9098
2.9098
2.9098
2.9599
3.2011
3.1950
3.2280
3.2777
3.2280
3.2554
3.2652
3.2669
3.2465
3.1920
3.1897
3.1814
3.1781
3.1781
3.1781
3.1781
3.1781
3.1686
3.1646
3.1633
3.1633
3.1597
3.1582
3.1582
3.1493
3.1476
3.1476
3.2541
3.2120
3.1975
3.1892
3.1348
3.1735
3.1706
3.0990
3.0755
3.0953
3.1351
3.1157
3.0600
2.9425
2.9027
2.7080
2.7900
2.6964
0.0000
0.0000
0.0000
0.0000
0.0000
0.0000
0.0000
0.0000
0.0000
0.0000
0.0000
0.0000
0.0000
0.0000
0.0000
0.0000
0.0000
0.0000
0.0000
0.0000
0.0000
0.0000
0.0000
0.0000
0.0000
0.0000
0.0000
0.0000
0.0000
0.0000
0.0000
0.0000
0.0000
0.0000
0.0000
0.0000
0.0000
0.0000
0.0000
0.0000
0.0000
0.0000
0.0000
0.0000
0.0000
0.0000
0.0000
0.0000
0.0000
0.0000
0.0000
0.0000
0.0000
0.0000
0.0000
0.0000
0.0000
0.0000
0.0000
0.0000
0.0000
0.0000
0.0000
0.0000
0.0000
0.0000
0.0000
0.0000
0.0000
0.0000
0.0000
0.0000
0.0000
0.0000
0.0000
0.0000
0.0000
0.0000
0.0000
0.0000
0.0000
0.0000
0.0000
0.0000
0.0000
0.0000
0.0000
0.0000
0.0000
0.0000
0.0000
0.0000
0.0000
0.0000
0.0000
0.0000
0.0000
0.0000
0.0000
0.0000
0.0000
0.0000
0.0000
0.0000
0.0000
0.0000
0.0000
0.0000
0.0000
0.0000
0.0000
0.0000
0.0000
0.0000
0.0000
0.0000
0.0000
0.0000
0.0000
0.0000
0.0000
0.0000
0.0000
0.0000
0.0000
0.0000
0.0000
0.0000
0.0000
0.0000
0.0000
0.0000
0.0000
0.0000
0.0000
0.0000
0.0000
0.0000
0.0000
0.0000
0.0000
0.0000
0.0000
0.0000
0.0000
0.0000
0.0000
0.0000
0.0000
0.0000
0.0000
0.0000
0.0000
0.0000
0.0000
