0.0000
0.0000
0.0000
0.0000
0.0000
0.0000
0.0000
0.0000
0.0000
0.0000
0.0000
0.0000
0.0000
0.0000
0.0000
0.0000
0.0000
0.0000
0.0000
0.0000
0.0000
0.0000
0.0000
0.0000
0.0000
0.0000
0.0000
0.0000
0.0000
0.0000
0.0000
0.0000
0.0000
0.0000
0.0000
0.0000
0.0000
0.0000
0.0000
0.0000
0.0000
0.0000
0.8851
1.1783
1.6372
1.9053
1.9423
2.0990
2.3138
2.5706
2.5950
2.7483
2.8175
2.9344
3.0709
3.1102
3.1994
3.3233
3.4123
3.5351
3.4993
3.5122
3.5122
3.5122
3.5122
3.8108
3.7007
3.7012
3.7012
3.6635
3.6690
3.2070
3.2770
3.1250
3.1743
3.0881
2.8258
2.8911
2.8292
2.7315
2.7010
2.6415
2.6559
2.6339
2.6307
2.6307
2.6307
2.6315
2.6342
2.6342
2.6342
2.6342
2.6147
2.7126
2.7036
2.7044
2.7086
2.7146
2.7180
2.7180
2.7180
2.7180
2.7135
2.7094
2.7109
2.7109
2.7213
2.7303
2.7466
2.7854
2.6371
2.6240
2.4613
2.5068
2.5164
2.5753
2.7987
3.0202
2.9863
3.1316
3.3545
3.7589
3.7931
3.9302
3.9381
3.9382
3.9214
3.9196
3.9159
3.9159
2.6875
2.6875
2.6875
2.6875
2.6687
2.6210
2.5674
2.5123
2.4985
2.3878
2.3628
2.2882
2.1496
2.1135
2.0822
2.0683
2.0722
2.0885
2.0756
2.2000
2.1809
2.1866
2.1928
2.2001
2.2057
2.2094
2.2307
2.2257
2.2751
2.3263
2.2999
2.2902
2.2819
2.2602
2.2180
2.2124
2.1190
2.1484
2.1125
2.2171
2.1802
2.1976
2.1608
2.1620
2.1712
2.2195
2.6800
2.7494
3.0069
3.0659
3.0708
3.0708
3.0692
2.5797
2.4234
2.4352
2.4247
2.4043
2.3862
2.3046
2.3337
2.5444
2.9899
3.5466
3.7032
3.6609
3.6128
3.5661
3.9317
3.9222
3.8152
3.6397
3.4023
3.3512
3.3773
3.3773
3.3782
3.3782
3.3283
3.3646
3.3298
3.3159
3.2713
3.2808
3.2827
3.4040
3.5035
3.5159
3.5141
3.4978
3.4847
3.4815
3.4798
3.4798
3.4781
3.5381
3.6038
3.6321
3.7026
3.9017
3.7140
3.7091
3.7024
3.7047
3.5981
3.6264
3.5934
3.5753
3.5491
3.5234
3.4752
3.1756
2.9322
2.7091
2.4886
2.3738
2.0821
2.1021
0.0000
0.0000
0.0000
0.0000
0.0000
0.0000
0.0000
0.0000
0.0000
0.0000
0.0000
0.0000
0.0000
0.0000
0.0000
0.0000
0.0000
0.0000
0.0000
0.0000
0.0000
0.0000
0.0000
0.0000
0.0000
0.0000
0.0000
0.0000
1.8374
2.1188
2.3783
2.6616
2.7130
2.7899
2.7773
2.7870
2.8315
2.8092
2.8447
2.8301
2.8301
2.8214
2.8179
2.8148
2.8148
2.9018
2.8611
2.8597
2.8533
2.8514
2.8514
2.8576
2.9049
2.8789
2.9313
2.8916
2.8932
2.9044
2.8796
2.8418
2.9007
2.9889
3.0185
2.9731
2.9790
2.9819
2.9926
2.9412
2.9672
2.9672
2.9653
2.9587
2.9146
2.9563
2.8459
2.8461
2.7122
2.5992
2.6433
2.6320
2.7419
2.8213
2.9127
2.9114
2.9108
2.8999
2.9013
2.8968
2.8875
2.8847
2.8736
2.8737
2.8736
2.8723
2.8723
2.8535
2.8535
2.9721
3.0730
0.0000
0.0000
0.0000
0.0000
0.0000
0.0000
0.0000
0.0000
0.0000
0.0000
0.0000
0.0000
0.0000
0.0000
0.0000
0.0000
0.0000
0.0000
0.0000
0.0000
0.0000
0.0000
0.0000
0.0000
0.0000
0.0000
0.0000
0.0000
0.0000
0.0000
0.0000
0.0000
0.0000
0.0000
0.0000
0.0000
0.0000
0.0000
0.0000
0.0000
0.0000
0.0000
0.0000
0.0000
0.0000
0.0000
0.0000
0.0000
0.0000
0.0000
0.0000
0.0000
0.0000
0.0000
0.0000
0.0000
0.0000
0.0000
0.0000
0.0000
0.0000
0.0000
0.0000
0.0000
0.0000
0.0000
0.0000
0.0000
0.0000
0.0000
0.0000
0.0000
0.0000
0.0000
0.0000
0.0000
0.0000
0.0000
0.0000
0.0000
0.0000
0.0000
0.0000
0.0000
0.0000
0.0000
0.0000
0.0000
0.0000
0.0000
0.0000
0.0000
0.0000
0.0000
0.0000
0.0000
0.0000
0.0000
0.0000
0.0000
0.0000
0.0000
0.0000
0.0000
0.0000
0.0000
0.0000
0.0000
0.0000
0.0000
0.0000
0.0000
0.0000
0.0000
0.0000
0.0000
0.0000
0.0000
0.0000
0.0000
0.0000
0.0000
0.0000
0.0000
0.0000
0.0000
0.0000
0.0000
0.0000
0.0000
0.0000
0.0000
0.0000
0.0000
0.0000
0.0000
0.0000
0.0000
0.0000
0.0000
0.0000
0.0000
0.0000
0.0000
0.0000
0.0000
0.0000
0.0000
0.0000
0.0000
0.0000
0.0000
0.0000
0.0000
0.0000
0.0000
0.0000
0.0000
0.0000
0.0000
0.0000
0.0000
0.0000
0.0000
0.0000
0.0000
0.0000
0.0000
0.0000
0.0000
0.0000
0.0000
0.0000
0.0000
0.0000
0.0000
0.0000
0.0000
0.0000
0.0000
0.0000
0.0000
0.0000
0.0000
0.0000
0.0000
0.0000
0.0000
0.0000
0.0000
0.0000
0.0000
0.0000
0.0000
0.0000
0.0000
0.0000
0.0000
0.0000
0.0000
0.0000
0.0000
0.0000
0.0000
0.0000
0.0000
0.0000
0.0000
0.0000
0.0000
0.0000
0.0000
0.0000
0.0000
0.0000
0.0000
0.0000
0.0000
0.0000
0.0000
0.0000
0.0000
0.0000
0.0000
0.0000
0.0000
0.0000
0.0000
0.0000
0.0000
0.0000
0.0000
0.0000
0.0000
0.0000
0.0000
0.0000
0.0000
0.0000
0.0000
0.0000
0.0000
0.0000
0.0000
0.0000
0.0000
0.0000
0.0000
0.0000
0.0000
0.0000
0.0000
0.0000
0.0000
0.0000
0.0000
0.0000
0.0000
0.0000
0.0000
0.0000
0.0000
0.0000
0.0000
0.0000
0.0000
0.0000
0.0000
0.0000
0.0000
0.0000
0.0000
0.0000
0.0000
0.0000
0.0000
0.0000
0.0000
0.0000
0.0000
0.0000
0.0000
0.0000
0.0000
0.0000
0.0000
0.0000
0.0000
0.0000
0.0000
0.0000
0.0000
0.0000
0.0000
0.0000
0.0000
0.0000
0.0000
0.0000
0.0000
0.0000
0.0000
0.0000
0.0000
0.0000
0.0000
0.0000
0.0000
0.0000
0.0000
0.0000
0.0000
0.0000
0.0000
0.0000
0.0000
