0.000000000000000000e+00 0.000000000000000000e+00 0.000000000000000000e+00
-4.601110389116500610e-01 1.148804464614624071e-01 2.045618493632407331e-01
-4.601109716226894353e-01 1.148803757161430961e-01 2.045618125578649582e-01
-4.601158644161862377e-01 1.148600071867298122e-01 2.045617133643968522e-01
-4.601213375230883140e-01 1.148392554895466544e-01 2.045617221237614747e-01
-4.601786660845468280e-01 1.147699439590766368e-01 2.045299258819838206e-01
-4.604275590896066972e-01 1.146637246843148911e-01 2.045121362925982067e-01
-4.604997497862680644e-01 1.146484860829959512e-01 2.045177379124236416e-01
-4.609207417509648685e-01 1.144396361457400563e-01 2.045393650351144399e-01
-4.612651928696458459e-01 1.142924227160767442e-01 2.046081293421896652e-01
-4.618710323846794141e-01 1.139517726117485891e-01 2.046265758718979200e-01
-4.626992310193235314e-01 1.134130675367477775e-01 2.045239343517499531e-01
-4.631241944621080631e-01 1.132120607170628984e-01 2.045526089606866660e-01
-4.638274650526207910e-01 1.128569468013421728e-01 2.045233891459771747e-01
-4.646780561273144428e-01 1.124586612153865434e-01 2.045503599044633247e-01
-4.660824709543507360e-01 1.115695787310598958e-01 2.045287568885986729e-01
-4.664273950465157026e-01 1.114391351272265018e-01 2.045850692505644108e-01
-4.680010185738124884e-01 1.107716271019812404e-01 2.045987734552770776e-01
-4.691145751340490277e-01 1.101129541057918187e-01 2.046512948363801709e-01
-4.701251319336594015e-01 1.095537620700733211e-01 2.045138564898717481e-01
-4.713284290425569512e-01 1.092209559196591351e-01 2.045274987854249493e-01
-4.734014166453176520e-01 1.073304017953729539e-01 2.042889179439285330e-01
-4.753207714200060052e-01 1.061244115600251670e-01 2.042868329335697231e-01
-4.765140445872838582e-01 1.056804714955330016e-01 2.044672037263803033e-01
-4.778315711962355383e-01 1.049028191625319267e-01 2.044529617565621349e-01
-4.795731887314010344e-01 1.039640517618911075e-01 2.043733404956952493e-01
-4.812685842081193544e-01 1.029226121318895515e-01 2.044339420064640866e-01
-4.821222725880674465e-01 1.025999036868363579e-01 2.045525684305490588e-01
-4.828592650552178678e-01 1.022160514833075767e-01 2.045305076728305138e-01
-4.840297393866330178e-01 1.014925693221267189e-01 2.045921085538460193e-01
-4.856255467682426552e-01 1.010042887262953409e-01 2.046467462250814995e-01
-4.868598597187676069e-01 9.979888678468856744e-02 2.044999565588502544e-01
-4.883009612769961261e-01 9.853828375312898014e-02 2.043337763732864243e-01
-4.890560016692164225e-01 9.848645902681403552e-02 2.045217896297946147e-01
-4.904616986117267263e-01 9.780537053043861229e-02 2.045987554182399082e-01
-4.909017505575625218e-01 9.769943419390950123e-02 2.046668301425653980e-01
-4.917534379879454631e-01 9.692441478992618042e-02 2.044893240005223878e-01
-4.927200633461729651e-01 9.652186773298207512e-02 2.044885786604930533e-01
-4.935697602121251748e-01 9.580841798527366115e-02 2.044105375784416589e-01
-4.942690058473331316e-01 9.589404841452298101e-02 2.046442604586597713e-01
-4.946238243958178682e-01 9.531533027384965495e-02 2.045469857656130597e-01
-4.954346287911756130e-01 9.516779173092292099e-02 2.046897701536788128e-01
-4.957601277490330527e-01 9.453583609170758406e-02 2.045083062317868960e-01
-4.964966483756916293e-01 9.420457378039540086e-02 2.045199976732942626e-01
-4.973186948586272860e-01 9.391646049015470177e-02 2.044968137425909049e-01
-4.977328972953408703e-01 9.371026740349333584e-02 2.045229575913800335e-01
-4.988882325987559763e-01 9.310173994460872737e-02 2.045022955266941611e-01
-4.993555265460462023e-01 9.287712615049541209e-02 2.045816269028824519e-01
-5.002587560083885387e-01 9.213549324953695940e-02 2.045134561707397380e-01
-5.007102513311286751e-01 9.225595127405837592e-02 2.046128601319616713e-01
-5.016429740227373868e-01 9.157443240829771236e-02 2.044818842040299067e-01
-5.019329180378616639e-01 9.217744146985411280e-02 2.046594099656477983e-01
-5.026772195489421780e-01 9.108355470729626036e-02 2.045300246873012762e-01
-5.030850248223527332e-01 9.194724875839295486e-02 2.046173225220600522e-01
-5.038879475940396535e-01 9.028606585148883645e-02 2.045234691898801249e-01
-5.041656627239702315e-01 9.104642342124583121e-02 2.046308928358936130e-01
-5.052135019925368953e-01 9.109937222981183413e-02 2.045395756432888956e-01
-5.061302028446291734e-01 9.093262414704286756e-02 2.046874355259602485e-01
-5.070675959791793863e-01 9.024117393368508155e-02 2.046515007330353131e-01
-5.080695407513940998e-01 8.905425804826831715e-02 2.044537732379855532e-01
-5.093931724269952221e-01 8.849488984866817065e-02 2.045312827378585607e-01
-5.103299487724146655e-01 8.779803910005302969e-02 2.044045805233342394e-01
-5.116670956671517390e-01 8.757447985006297508e-02 2.045777941250276066e-01
-5.129519519662369964e-01 8.699880472064569492e-02 2.045426354453115103e-01
-5.133779455264668723e-01 8.694023849929605197e-02 2.046341951852590491e-01
-5.144826326801030802e-01 8.604918592708324376e-02 2.045476426376037493e-01
-5.152807785505929550e-01 8.552237294395238776e-02 2.045070704573211939e-01
-5.163319575932986405e-01 8.504921897318931667e-02 2.045334733122231574e-01
-5.166312695179834380e-01 8.495068402549620090e-02 2.046006941421917857e-01
-5.175447892933792149e-01 8.430149416124851913e-02 2.045425920999150438e-01
-5.186509050169129109e-01 8.340921877431872744e-02 2.045615417629610688e-01
-5.197066966950029121e-01 8.214268922339093559e-02 2.043866217630530280e-01
-5.207950157228052879e-01 8.173799597577915965e-02 2.045642174465115148e-01
-5.208109402004263977e-01 8.167124661112305783e-02 2.045610117560286156e-01
-5.219770137184220893e-01 8.078178331981311633e-02 2.045323363836112074e-01
-5.225162378823158260e-01 8.064365013420754513e-02 2.047257940043759605e-01
-5.236558773807727940e-01 7.931482395429782783e-02 2.044920470817351288e-01
-5.245656982412931768e-01 7.789512193233198711e-02 2.043821686338003485e-01
-5.248479990384897764e-01 7.774632694198303773e-02 2.044075698591048262e-01
-5.253292445709626390e-01 7.781354218098426867e-02 2.043933039384729089e-01
-5.257334142063049276e-01 7.784205655795826961e-02 2.044472179824916303e-01
-5.272731814504411085e-01 7.806482280179850852e-02 2.043733643223892560e-01
-5.285520599488645610e-01 7.807642104034070996e-02 2.043632583138635106e-01
-5.298739147700949337e-01 7.812226547620636230e-02 2.043180448400840621e-01
-5.305371806384503452e-01 7.815826329722889987e-02 2.043453613052044482e-01
-5.315862680079986857e-01 7.813089815766936785e-02 2.042544037457839634e-01
-5.328753989015015957e-01 7.812131975415342877e-02 2.042482988282064149e-01
-5.334865551044346565e-01 7.808145489674286899e-02 2.042002291983587015e-01
-5.349758644867474988e-01 7.800211825994088355e-02 2.041792354075001037e-01
-5.367240577435278270e-01 7.791225938212076318e-02 2.041646142476519488e-01
-5.367027051029527041e-01 7.798334489239157341e-02 2.041866723054520660e-01
-5.366946031009651730e-01 7.797125424587535159e-02 2.041917429053221877e-01
-5.379740082065508355e-01 7.781035958033190314e-02 2.041464213440484510e-01
-5.386677030157762669e-01 7.777827853619419252e-02 2.041211068111836724e-01
-5.395412652180020530e-01 7.766836072608285235e-02 2.041743021354985865e-01
-5.414885929974405654e-01 7.734855653544712994e-02 2.040841692442929567e-01
-5.414297235573085620e-01 7.739691939630377604e-02 2.040997789207678881e-01
-5.432483801342967711e-01 7.690969272050988959e-02 2.040107725901139091e-01
-5.432506879809241296e-01 7.690379322908444393e-02 2.040087999333522195e-01
-5.445984075897040144e-01 7.638163247715155924e-02 2.039387386500674249e-01
-5.457463911083660912e-01 7.594367445230384983e-02 2.039061382707818559e-01
-5.470521280276772202e-01 7.537151036270299531e-02 2.038718310420474522e-01
-5.487130248890031980e-01 7.447961262643153224e-02 2.038505260245223605e-01
-5.496017758449969204e-01 7.379951286205113647e-02 2.038027969303615461e-01
-5.502365654762257918e-01 7.341946222091082219e-02 2.038176456152040184e-01
-5.502818795283965780e-01 7.332533933165291673e-02 2.038404701424176846e-01
-5.513385651618476491e-01 7.213547554211675872e-02 2.036743470699707015e-01
-5.514997160746557547e-01 7.212959059699924902e-02 2.038067135690959653e-01
-5.514992273139658341e-01 7.207719716021082634e-02 2.038515586599422835e-01
-5.522336668396909953e-01 7.076806622173867356e-02 2.036197807081312205e-01
-5.527720307170729264e-01 7.057319755521274107e-02 2.038437689746470383e-01
-5.528950922954163349e-01 6.994781363144700337e-02 2.036358909452077037e-01
-5.536905236342979375e-01 6.895161916134080748e-02 2.036579593647292741e-01
-5.544930813419605142e-01 6.769193586636239324e-02 2.036072017650053523e-01
-5.545790962096792676e-01 6.763336055603255681e-02 2.036612871636270805e-01
-5.551232627781288453e-01 6.651171077887026162e-02 2.035997289745316852e-01
-5.554475163739021060e-01 6.594126745002379386e-02 2.036289192416723126e-01
-5.560420818506568441e-01 6.464622127922446670e-02 2.035265301327236209e-01
-5.562792887045053813e-01 6.432289181862226035e-02 2.036207124133888047e-01
-5.567328365341300822e-01 6.323841837097338159e-02 2.034988873394961983e-01
-5.570761000271182706e-01 6.282963045273985692e-02 2.036040264293448865e-01
-5.573843351760283671e-01 6.186906607241988987e-02 2.035160172043028182e-01
-5.574383333917466432e-01 6.170096724904986646e-02 2.034881869275701194e-01
-5.577501343170331305e-01 6.087918681624222839e-02 2.033984086585755857e-01
-5.582311425415240613e-01 5.981873140787955651e-02 2.034418050320125071e-01
-5.583226443791979854e-01 5.952325657054763353e-02 2.033685401295516892e-01
-5.585644065839627803e-01 5.880459605732698408e-02 2.033836555517583022e-01
-5.587799661585156619e-01 5.796156977702694030e-02 2.033089640999316827e-01
-5.590575649973752448e-01 5.699876834250772184e-02 2.033087115917731058e-01
-5.593526768343137778e-01 5.609855751730580264e-02 2.033377369312247829e-01
-5.593751071387031981e-01 5.607662743002448519e-02 2.033483622489378195e-01
-5.596932713931692671e-01 5.445000479499503138e-02 2.032619076507183042e-01
-5.597695918296560214e-01 5.426838650281759491e-02 2.033085655060349051e-01
-5.600587753295291904e-01 5.277218684544095206e-02 2.032497482661368704e-01
-5.600906363472459848e-01 5.270294590572352500e-02 2.033351164636296726e-01
-5.602008665712546742e-01 5.152674269384530104e-02 2.032515748375415265e-01
-5.603297555569018984e-01 5.073008467325557103e-02 2.033476746157976134e-01
-5.604594986980537819e-01 4.923589700682250159e-02 2.033305946223547822e-01
-5.604748463194465513e-01 4.905568439258886637e-02 2.033714968157267489e-01
-5.605332669803266832e-01 4.753131187630069837e-02 2.033210317537673395e-01
-5.605074632296991322e-01 4.738159171442455492e-02 2.033215875320807942e-01
-5.604996296314954662e-01 4.573060759823590476e-02 2.033093240002743496e-01
-5.604386703474956155e-01 4.572602961451929793e-02 2.033066581587433530e-01
-5.603762422931692910e-01 4.422220148217884117e-02 2.032710906744805979e-01
-5.602645086520519069e-01 4.399254014939803920e-02 2.032691437984162075e-01
-5.601835469009097679e-01 4.270770574023982635e-02 2.032474041945909748e-01
-5.600491102818118128e-01 4.141500464003249754e-02 2.032522456801129362e-01
-5.598738639751124069e-01 4.001838129934884303e-02 2.033073008122859016e-01
-5.597394594819118385e-01 3.959112591293888206e-02 2.032313370667061247e-01
-5.594057805666170502e-01 3.772805812733924513e-02 2.032022280012371895e-01
-5.593296588753950971e-01 3.704035339595195681e-02 2.032255435947808997e-01
-5.590406163704947362e-01 3.546734957276870270e-02 2.032030469596620148e-01
-5.590143767477585568e-01 3.495116831921048217e-02 2.032138219499443621e-01
-5.587821470301370663e-01 3.302168685221134464e-02 2.032033392375319214e-01
-5.586716182858150193e-01 3.202637601214260166e-02 2.032060506954282419e-01
-5.585886351373455794e-01 3.107900308602515663e-02 2.031720985646112698e-01
-5.583992907298135355e-01 2.981794578028952244e-02 2.031810437266044489e-01
-5.581193964021247123e-01 2.744022966762345306e-02 2.031528671291732424e-01
-5.581253802022423383e-01 2.725528275657856589e-02 2.031606999811992609e-01
-5.580197490759096768e-01 2.572250087047744244e-02 2.031620270964607233e-01
-5.578239798527773186e-01 2.471541783894962499e-02 2.031415034508310680e-01
-5.578206743041800308e-01 2.411005156569391225e-02 2.031334652096233317e-01
-5.575533155846822408e-01 2.229124597587708520e-02 2.030734974213747046e-01
-5.575346949752197911e-01 2.208027454985090135e-02 2.031235799328828806e-01
-5.574107214516154096e-01 2.073942431170749251e-02 2.031528121075913129e-01
-5.571839499487519776e-01 1.959947927586422681e-02 2.030971039169622294e-01
-5.569336110886633495e-01 1.738908547882011754e-02 2.031242389119058411e-01
-5.566943758744421489e-01 1.566211143058849481e-02 2.030485770011244417e-01
-5.563746775038650449e-01 1.324903851036367958e-02 2.030503261786963110e-01
-5.563255124383071903e-01 1.323767916606467115e-02 2.030124224021456203e-01
-5.561075370622139413e-01 1.112028999856684228e-02 2.029541668335458626e-01
-5.559777844659310464e-01 1.055825658994948360e-02 2.029982051219560157e-01
-5.555989955097190292e-01 8.064642166019630673e-03 2.029764050749107984e-01
-5.556026720993545442e-01 7.974141590801576626e-03 2.029611720425505417e-01
-5.552804796700209211e-01 5.629421083681426276e-03 2.029732601753059806e-01
-5.551621273954222557e-01 5.238823389271103290e-03 2.029480107543508993e-01
-5.549555783609800841e-01 3.147076779418545717e-03 2.029584437030563238e-01
-5.549064813986821498e-01 2.727921714411456113e-03 2.029541120859362502e-01
-5.538974279366796205e-01 -7.532140876716743793e-04 2.032097872601316968e-01
-5.523749149877147380e-01 -5.933722694488252278e-03 2.037339463604577461e-01
-5.500856371350454355e-01 -1.489339076820396165e-02 2.044270698903691286e-01
-5.488394953018971290e-01 -1.712914746077599110e-02 2.048223542933688135e-01
-5.482921532601411352e-01 -2.003409168637070373e-02 2.049420366429427209e-01
-5.479366456914090966e-01 -2.331864107877068201e-02 2.049472928304073016e-01
-5.480782575048654959e-01 -2.199301647148786676e-02 2.048291239666555907e-01
-5.481360433204059968e-01 -2.191996273345081167e-02 2.046717526604512893e-01
-5.480855843720848775e-01 -2.127653417001691694e-02 2.045551065130520318e-01
-5.480417007447758726e-01 -2.062155421990580564e-02 2.044768139886920244e-01
-5.477556247846259163e-01 -2.106233083196782513e-02 2.044518848529582045e-01
-5.474711920969551615e-01 -2.176682960967217528e-02 2.045238723775035239e-01
-5.470807403761791532e-01 -2.335499238782873938e-02 2.045328371716854110e-01
-5.466481078542347882e-01 -2.528298921879659419e-02 2.045250940403250950e-01
-5.465299793884047519e-01 -2.622277135326211636e-02 2.045803583172338125e-01
-5.461205237339815666e-01 -2.841185590604473551e-02 2.045423422692483062e-01
-5.456854797345458419e-01 -3.051687908549114564e-02 2.045449525627840437e-01
-5.454948940755091069e-01 -3.129676428323279608e-02 2.045513815609509567e-01
-5.454304751776468674e-01 -3.149275021471264341e-02 2.045805793330627842e-01
-5.454302086687218276e-01 -3.130405196940600626e-02 2.045965353183785695e-01
-5.453554897828774006e-01 -3.178780632867032191e-02 2.045860681250724900e-01
-5.452264038501390964e-01 -3.234258612465394644e-02 2.045749668462069071e-01
-5.450424123716844926e-01 -3.343270535855757952e-02 2.045208768434557400e-01
-5.448617727847148151e-01 -3.503846747235707382e-02 2.045354871284923992e-01
-5.446214552704392586e-01 -3.621345835121404094e-02 2.044478026638492374e-01
-5.444538062020157776e-01 -3.755254191709803818e-02 2.044801386184316172e-01
-5.442606913073951835e-01 -3.858216102924296592e-02 2.046057085901614447e-01
-5.441040103973744380e-01 -3.918313818310507207e-02 2.045651399428663197e-01
-5.439254017208459135e-01 -3.985641979531332618e-02 2.045509369101859154e-01
-5.438031395696295567e-01 -4.043056246551315902e-02 2.045159785779568640e-01
-5.437708037664691352e-01 -4.073758691417470740e-02 2.045735849459260902e-01
-5.436496475343558510e-01 -4.133738181723251720e-02 2.045547830319768556e-01
-5.434918305958768014e-01 -4.269452567794343456e-02 2.045673016436059255e-01
-5.431274970260427937e-01 -4.396970710858132125e-02 2.044754552203839615e-01
-5.429229246218949534e-01 -4.562232484113576403e-02 2.044955981785090138e-01
-5.426518294546559540e-01 -4.623250925977414466e-02 2.044325444787802037e-01
-5.423878520727800634e-01 -4.716634718576496327e-02 2.044578545237733802e-01
-5.422263934934431484e-01 -4.781206717208906498e-02 2.044711152833919854e-01
-5.422505052314625651e-01 -4.813428615599679022e-02 2.045763691789618255e-01
-5.420267204716080478e-01 -4.990290635833433824e-02 2.045914222493545043e-01
-5.418922994702276563e-01 -5.049560984822680509e-02 2.046662936520699250e-01
-5.414967269034819397e-01 -5.212477662485456159e-02 2.045151138882544961e-01
-5.413347822985083990e-01 -5.255919817784848042e-02 2.045807150192094359e-01
-5.412519088511538179e-01 -5.315853697379301079e-02 2.045383272224116644e-01
-5.408292541942815168e-01 -5.460144483996326459e-02 2.045487390028719044e-01
-5.404467646460383579e-01 -5.613222218690082366e-02 2.045287217851688433e-01
-5.398820728856104090e-01 -5.832267345374959888e-02 2.045624305618979899e-01
-5.398473529268646987e-01 -5.833894185098832674e-02 2.045326718147205125e-01
-5.395897074352431488e-01 -5.941961332919069166e-02 2.045796871654303462e-01
-5.391610759336429304e-01 -6.077302924983556814e-02 2.045836775975280186e-01
-5.387866332034499939e-01 -6.200883322403939746e-02 2.045949730715315440e-01
-5.386151462906356713e-01 -6.240054143630579392e-02 2.045458717503204904e-01
-5.384155355065284310e-01 -6.302217096385094586e-02 2.045031106528416021e-01
-5.383936723658792056e-01 -6.303980227354961940e-02 2.045141261284805223e-01
-5.383718593970635569e-01 -6.317901607872558611e-02 2.045455701570768614e-01
-5.380258791607195334e-01 -6.465558446873290177e-02 2.045499422790608701e-01
-5.377960860216045580e-01 -6.572826795240034603e-02 2.045766977376002049e-01
-5.372544304741895260e-01 -6.740584642299543572e-02 2.045538156295799714e-01
-5.372143659449006847e-01 -6.751938672651662532e-02 2.045497644068403897e-01
-5.369238570741166061e-01 -6.878295306286989763e-02 2.045924630279443712e-01
-5.367911969383304394e-01 -6.890199402373661797e-02 2.045816821692971743e-01
-5.363777571146505219e-01 -7.051985747531354376e-02 2.045609537987184423e-01
-5.360987086111230759e-01 -7.138826608525475348e-02 2.045698304219524533e-01
-5.354301583819802701e-01 -7.319931523201195223e-02 2.045051084808634512e-01
-5.354436276858467458e-01 -7.319315993988755042e-02 2.045754438216221549e-01
-5.351776310055800234e-01 -7.457634180364579313e-02 2.044923801333161373e-01
-5.351188112366196403e-01 -7.447109587068731495e-02 2.045937606542752307e-01
-5.348591424586701670e-01 -7.591297879705333207e-02 2.045688825362790009e-01
-5.345529122916946596e-01 -7.648068617226051746e-02 2.046008530903463407e-01
-5.341509239092669947e-01 -7.862123036222862238e-02 2.044502697375360223e-01
-5.339759382263323806e-01 -7.881660705097792707e-02 2.045566528529013661e-01
-5.335281147322477047e-01 -8.116361688153099496e-02 2.044159117044682394e-01
-5.335958805531108018e-01 -8.055377856217992016e-02 2.046806048490427410e-01
-5.330769493948400717e-01 -8.329764094645632222e-02 2.043301237368811696e-01
-5.334605838773632813e-01 -8.125484675649413679e-02 2.048688528310382007e-01
-5.333645532809581091e-01 -8.158756709201765711e-02 2.048596028082434739e-01
-5.327228989992944808e-01 -8.500886281274450118e-02 2.046526632946505386e-01
-5.328440971654727631e-01 -8.533752617065655521e-02 2.046984793968461280e-01
-5.330708133125736659e-01 -8.605344985936269619e-02 2.045699036446508023e-01
-5.334488492369180435e-01 -8.677676230632350163e-02 2.045104128425286327e-01
-5.336629825253389470e-01 -8.736117234581122770e-02 2.044954865395713361e-01
-5.339996338873220783e-01 -8.789234987143434985e-02 2.044334069258184061e-01
-5.341663171345836236e-01 -8.848391801086175068e-02 2.044648986571702964e-01
-5.345886751945206905e-01 -8.930837775366529119e-02 2.043911536181390320e-01
-5.348732665578069811e-01 -8.992104677785950351e-02 2.043134064502495628e-01
-5.356974660829374457e-01 -9.107490585031911834e-02 2.042655501323358824e-01
-5.358804586238391510e-01 -9.153120159268338107e-02 2.042034661203000756e-01
-5.367532632101319479e-01 -9.248162181657403058e-02 2.042496813160771529e-01
-5.369249049088955505e-01 -9.293030318523429201e-02 2.042573451984517063e-01
-5.376312817426879276e-01 -9.419226118426929362e-02 2.040802769254265181e-01
-5.385044862020816892e-01 -9.444730264909281803e-02 2.042647862312839402e-01
-5.392501191305644204e-01 -9.616826349726634304e-02 2.040264736341681484e-01
-5.399521339305237699e-01 -9.661804357900974360e-02 2.040885308615740523e-01
-5.406720051032163354e-01 -9.815425973064263732e-02 2.038772419680803527e-01
-5.418551916258242951e-01 -9.960990312306056138e-02 2.038134235798266802e-01
-5.428181862583141282e-01 -1.006549379406557893e-01 2.037304094130976961e-01
-5.438183548485244767e-01 -1.020884721351397045e-01 2.035824282094932658e-01
-5.449672151272891840e-01 -1.038849737343815888e-01 2.034310066659926752e-01
-5.457826274106994946e-01 -1.044329472562561534e-01 2.034074589305205072e-01
-5.464917333286333223e-01 -1.063307006355185269e-01 2.031753325143818290e-01
-5.471686463774872999e-01 -1.065414927734766731e-01 2.032274903740777239e-01
-5.479428709496600991e-01 -1.083753379907038822e-01 2.030890461486783150e-01
-5.486257774495093553e-01 -1.087515045840165145e-01 2.031692808144929530e-01
-5.494368238916963465e-01 -1.104764760150066527e-01 2.029456323151924146e-01
-5.501079541558491215e-01 -1.108234490821870116e-01 2.030835534382759433e-01
-5.504588648561145048e-01 -1.116870934095017392e-01 2.030272667941106501e-01
-5.510254449081165573e-01 -1.128137427105544849e-01 2.028002032957935685e-01
-5.515089694562298472e-01 -1.129470525381505441e-01 2.028203789286048830e-01
-5.520561508820289731e-01 -1.142866771346022631e-01 2.027772124830089784e-01
-5.529706087013928073e-01 -1.150587955764214715e-01 2.026611947692082694e-01
-5.532677709236757391e-01 -1.159551058799854623e-01 2.026283230642560440e-01
-5.544816102928629142e-01 -1.172271802613560204e-01 2.025520983069072911e-01
-5.545849302583089058e-01 -1.176807210792528008e-01 2.025665855767222190e-01
-5.548234872611715884e-01 -1.180296928199725121e-01 2.025166604089039257e-01
-5.556513550346505736e-01 -1.193015135545705124e-01 2.023729608411717340e-01
-5.566640537658843479e-01 -1.200114098785572819e-01 2.025219243369176803e-01
-5.567731820581636182e-01 -1.208104230822602126e-01 2.023576420150084987e-01
-5.577570423395130650e-01 -1.226580491417371688e-01 2.021931442153035441e-01
-5.583747104986480636e-01 -1.228897760047013704e-01 2.022077090619779083e-01
-5.592948212601833724e-01 -1.249078139976871893e-01 2.019430626750104429e-01
-5.596598141486686107e-01 -1.249286442319151313e-01 2.020515095998690891e-01
-5.608679742424339532e-01 -1.270135366510515840e-01 2.018108092567117429e-01
-5.610543030783113894e-01 -1.269780348088386801e-01 2.019410969206131001e-01
-5.623166509256858347e-01 -1.292057807032226113e-01 2.016704550341911206e-01
-5.632493887017593348e-01 -1.301374315564792494e-01 2.017803887772898486e-01
-5.642595582155313094e-01 -1.321610597015517585e-01 2.015205806935712607e-01
-5.646961168131763298e-01 -1.321066217886174010e-01 2.016535452876437873e-01
-5.656722561064493338e-01 -1.341547312482506416e-01 2.014142262080935164e-01
-5.662189085733412286e-01 -1.341726707900605942e-01 2.015237883561404875e-01
-5.669549573814243182e-01 -1.353332016670749649e-01 2.014928461795620074e-01
-5.679961356235930792e-01 -1.373581347130910513e-01 2.013000313623145576e-01
-5.684663966795661105e-01 -1.375232389810652767e-01 2.014060061291059189e-01
-5.691415156739263459e-01 -1.385472030987086045e-01 2.013376300661506024e-01
-5.699749501973168098e-01 -1.395883829334197690e-01 2.012914599229114754e-01
-5.706801397953028543e-01 -1.406406650290575044e-01 2.012613055175601906e-01
-5.714489116021489457e-01 -1.415876054065944578e-01 2.011155544357652591e-01
-5.717060527429144168e-01 -1.417942756305527741e-01 2.011552456377430631e-01
-5.718507524686603505e-01 -1.421576498704302249e-01 2.011511419392245925e-01
-5.729960927131033666e-01 -1.441064006578659795e-01 2.009528685107748180e-01
-5.737475125955899813e-01 -1.442663318416917695e-01 2.010627182733502327e-01
-5.743651478587114001e-01 -1.458419132815179653e-01 2.008666170793157180e-01
-5.752390994327589713e-01 -1.465173520446117206e-01 2.008891528474743837e-01
-5.752603823149550211e-01 -1.465145855194781854e-01 2.009671138941891699e-01
-5.762106682415660819e-01 -1.488584104100267869e-01 2.007439868997613897e-01
-5.772189119710372518e-01 -1.499811689935572345e-01 2.006160880290779047e-01
-5.774209661609353006e-01 -1.510939830500891423e-01 2.004733349414187238e-01
-5.784228410369962603e-01 -1.515788811012455661e-01 2.004552865942696438e-01
-5.791337766883360993e-01 -1.533124194290874098e-01 2.003685458668847674e-01
-5.796721289887053485e-01 -1.536313099983227792e-01 2.002688082962608973e-01
-5.802642556289546727e-01 -1.545296391980517936e-01 2.003045265242915651e-01
-5.810822449062111872e-01 -1.558587120521515434e-01 2.001512718897436038e-01
-5.812061882082434350e-01 -1.558753302952850528e-01 2.001567147451465689e-01
-5.823470968122191893e-01 -1.577413286384280744e-01 2.000225568572822632e-01
-5.827197183699129868e-01 -1.579836792489267561e-01 2.000507262387350160e-01
-5.831636415523497874e-01 -1.589997828481791720e-01 2.000412166259425972e-01
-5.839134690867123778e-01 -1.602643129283083945e-01 1.997234830705983399e-01
-5.844041110232811587e-01 -1.608011348909924032e-01 1.997993205945527984e-01
-5.851358469369213333e-01 -1.626279610669332798e-01 1.994331733368060466e-01
-5.859456035227242898e-01 -1.627818998296205188e-01 1.996770890236782003e-01
-5.866960218019617868e-01 -1.645315097037043095e-01 1.995211535529081426e-01
-5.877576903925997298e-01 -1.649445464214434887e-01 1.996048972023029833e-01
-5.884335836827644384e-01 -1.665994893398186349e-01 1.993714102602299199e-01
-5.892838496001969739e-01 -1.670825017976156901e-01 1.994741013230834914e-01
-5.902719810427262681e-01 -1.690022882583307184e-01 1.992222816612370384e-01
-5.908443315732145873e-01 -1.693127422887227285e-01 1.993111591880067368e-01
-5.909061960308972239e-01 -1.694711678940909461e-01 1.993451742377322644e-01
-5.915828514482206479e-01 -1.709282104695945270e-01 1.991485639568837118e-01
-5.924343158977946056e-01 -1.716089102981918080e-01 1.990113065747660115e-01
-5.932192301655531130e-01 -1.727542040101576748e-01 1.990394517765738114e-01
-5.941006753268359697e-01 -1.738113646308272475e-01 1.988082289851696993e-01
-5.951075672713673770e-01 -1.756414595629352537e-01 1.986388855742256543e-01
-5.956943176488147529e-01 -1.759825812639585485e-01 1.986320612577640310e-01
-5.963954805889903898e-01 -1.770926391628457053e-01 1.986568760168563874e-01
-5.966773947629473440e-01 -1.777441967847388227e-01 1.985464301128626319e-01
-5.975694672135893892e-01 -1.789472395519899062e-01 1.984325372869374937e-01
-5.978021909040740489e-01 -1.797290326518972692e-01 1.983259583453977348e-01
-5.985389753794737588e-01 -1.800989162261537602e-01 1.982703447998963864e-01
-5.991308902678827986e-01 -1.808800123177647379e-01 1.982295125789254320e-01
-6.001437133883079644e-01 -1.831684561824575563e-01 1.980177746203097833e-01
-6.007843107211695566e-01 -1.841193484918922929e-01 1.980695718620222034e-01
-6.014692332593672974e-01 -1.857174259641144465e-01 1.979334789806217187e-01
-6.017182745899052332e-01 -1.863781063926961690e-01 1.979102281511299077e-01
-6.019290697500271348e-01 -1.882152471309818942e-01 1.977534934229439600e-01
-6.022984122342470714e-01 -1.894713154324717264e-01 1.977783794297437170e-01
-6.023089540343353754e-01 -1.903736134392851609e-01 1.976629283229897616e-01
-6.024450027610253056e-01 -1.923342437947736516e-01 1.975822693935951335e-01
-6.025098181648468332e-01 -1.928766059709207392e-01 1.975856034865338950e-01
-6.024469659389191101e-01 -1.934982207676252675e-01 1.975599406093910271e-01
-6.023790427590063334e-01 -1.951287109833688971e-01 1.974961152441174761e-01
-6.023192453470427310e-01 -1.961596084794344497e-01 1.975229392721371269e-01
-6.020406766245152141e-01 -1.983390171330977614e-01 1.974099234286105786e-01
-6.020801063907786910e-01 -1.986908706137717751e-01 1.974371627209134394e-01
-6.018156671558850812e-01 -2.006068616881749034e-01 1.973486884103552164e-01
-6.015481106131544964e-01 -2.021657228371199488e-01 1.972784768358897545e-01
-6.012740664422403514e-01 -2.034606495648822455e-01 1.971640129587510781e-01
-6.011826158039245138e-01 -2.043590405612150385e-01 1.971900444540830299e-01
-6.007785803927923052e-01 -2.059799757825186983e-01 1.971401671942071276e-01
-6.005574725526798829e-01 -2.069441028373605052e-01 1.970380046138535401e-01
-6.002900819840151225e-01 -2.080862531305642527e-01 1.970219816439719163e-01
-6.000756132336232396e-01 -2.089502516639532848e-01 1.970023143361752660e-01
-5.995673738074011050e-01 -2.110525121099894319e-01 1.969143992739802729e-01
-5.994932191317166037e-01 -2.115961588373721780e-01 1.969347440807531768e-01
-5.989765040988548339e-01 -2.136815967115944237e-01 1.967687679408218482e-01
-5.989303295887301593e-01 -2.141666401816460230e-01 1.968347290555954865e-01
-5.987928593430370539e-01 -2.147276615440860126e-01 1.968708008676539056e-01
-5.982156491319640113e-01 -2.167661838183669032e-01 1.967237096738308488e-01
-5.979052449674927550e-01 -2.180394178610009781e-01 1.967354253867873437e-01
-5.973464989330993236e-01 -2.199327900254844925e-01 1.966452420102500764e-01
-5.966210678926007205e-01 -2.225284273776761690e-01 1.965806001823050264e-01
-5.959415949836724957e-01 -2.249557640318542162e-01 1.964851269305843973e-01
-5.955532687062091712e-01 -2.263496671138664484e-01 1.964551936685557110e-01
-5.951687846256651371e-01 -2.274638969226382423e-01 1.963583989958318510e-01
-5.949652612717220013e-01 -2.284672935057478482e-01 1.964402128288379457e-01
-5.947523019867644312e-01 -2.292240492303687649e-01 1.963201694561697574e-01
-5.943713386266316068e-01 -2.305048031422777532e-01 1.963281159038058055e-01
-5.940777840058881765e-01 -2.318036847148856328e-01 1.963199724569877624e-01
-5.936710170922453456e-01 -2.331331564005672263e-01 1.961902784655686904e-01
-5.934954349732807222e-01 -2.339791443900591517e-01 1.961963165498686046e-01
-5.930360103668943506e-01 -2.359099316996857432e-01 1.961362771550521633e-01
-5.929790770274135925e-01 -2.365133588958351352e-01 1.961795129219160994e-01
-5.929443181385989359e-01 -2.365809869108485008e-01 1.961526699084336078e-01
-5.923641301890316679e-01 -2.385076417983326147e-01 1.960166812006157999e-01
-5.921608884869257183e-01 -2.394420213500444983e-01 1.960102860828354943e-01
-5.920050265120295752e-01 -2.401808513176690585e-01 1.960068249452009415e-01
-5.916129658559473592e-01 -2.417106630704466408e-01 1.958873200629307199e-01
-5.912272527079376339e-01 -2.431821549352123635e-01 1.959071196157204930e-01
-5.907482022163851321e-01 -2.448717603079884619e-01 1.958412402113474671e-01
-5.902885956003712797e-01 -2.467015677227478720e-01 1.958393889188392301e-01
-5.900961158397723949e-01 -2.472639073792330944e-01 1.957237262371648856e-01
-5.896896859693491200e-01 -2.484868287151739963e-01 1.957646036812437096e-01
-5.893292373187949407e-01 -2.495205066570038155e-01 1.956439217218578219e-01
-5.891158451506711691e-01 -2.502241255432521294e-01 1.956931300944829977e-01
-5.888045506489217873e-01 -2.511595492018729447e-01 1.956284073927780642e-01
-5.880003478257764815e-01 -2.532614003914119283e-01 1.955097029007159259e-01
-5.878838458067142669e-01 -2.538336200097328077e-01 1.955438441981401654e-01
-5.875143765959104369e-01 -2.547711763557350961e-01 1.955318019929752626e-01
-5.868235732623963141e-01 -2.564620586080136322e-01 1.953928112043377407e-01
-5.862172419727446071e-01 -2.580643934995370259e-01 1.953808394757048927e-01
-5.861247990405673569e-01 -2.582270212116328789e-01 1.952918271067981271e-01
-5.853015178869621638e-01 -2.600418709063971878e-01 1.952704413163184605e-01
-5.851688739238096737e-01 -2.602826467201916349e-01 1.952751812504980866e-01
-5.845398995653445784e-01 -2.608401976382605514e-01 1.952901407397627243e-01
-5.827007142930382688e-01 -2.623795282423974085e-01 1.952954912731670878e-01
-5.817082276746278202e-01 -2.631175756212205674e-01 1.953170465020830637e-01
-5.797804492458694670e-01 -2.645837232498470248e-01 1.953591969851920518e-01
-5.777689690131200262e-01 -2.659400744420263862e-01 1.953290129508173101e-01
-5.778557870719288614e-01 -2.659652622727280979e-01 1.953884368612258116e-01
-5.756866521386989621e-01 -2.672025159685386675e-01 1.953636611955708313e-01
-5.735148865565130594e-01 -2.680462475037258541e-01 1.953500319312947708e-01
-5.711642481520292636e-01 -2.689286921324005597e-01 1.953277296445718458e-01
-5.713637967518060412e-01 -2.688557955880344075e-01 1.954350448566360421e-01
-5.689938457396547244e-01 -2.695737224697220547e-01 1.954724858310204760e-01
-5.686818012775375353e-01 -2.696085787395933742e-01 1.955016769444261615e-01
-5.664637071629090581e-01 -2.702775875308414677e-01 1.955152790680392549e-01
-5.665382177966831190e-01 -2.702086137983548131e-01 1.956120523451236881e-01
-5.639624114591297310e-01 -2.709180049637247567e-01 1.954672775374060034e-01
-5.618425652967985462e-01 -2.714478940003023366e-01 1.955213645194873728e-01
-5.600338623282643535e-01 -2.719671829134385210e-01 1.955753934390362936e-01
-5.593785219354956428e-01 -2.721314844077633022e-01 1.955494671315513022e-01
-5.570268379753823274e-01 -2.727549013344640616e-01 1.956521719562109851e-01
-5.568944909842076241e-01 -2.728333845428159710e-01 1.956647261147244632e-01
-5.547572055585763273e-01 -2.734542073390439088e-01 1.957607620880048305e-01
-5.523449907690354266e-01 -2.741084167809723082e-01 1.957477750179601739e-01
-5.521410857958468643e-01 -2.742817434687984113e-01 1.958456613361911347e-01
-5.498629365272655889e-01 -2.750505520439596729e-01 1.959476552738359245e-01
-5.494750042504392695e-01 -2.751475786112868027e-01 1.959164195690765720e-01
-5.473862912572258210e-01 -2.758446554624176539e-01 1.960026770550108433e-01
-5.451294202721602700e-01 -2.765053513815067254e-01 1.959663333559558129e-01
-5.429198121325254922e-01 -2.771414294120680410e-01 1.959055888437558623e-01
-5.407334108856001187e-01 -2.778661528403634229e-01 1.959938634475810459e-01
-5.403980230791152195e-01 -2.779946633064959149e-01 1.959692506267644574e-01
-5.383297082395830380e-01 -2.787026176977523972e-01 1.959848615154972384e-01
-5.386011282090373831e-01 -2.787081123367471380e-01 1.960598469354969675e-01
-5.363448429593242750e-01 -2.795933699503000969e-01 1.959817284564389639e-01
-5.345866651490307486e-01 -2.802544444726343120e-01 1.960228424829331129e-01
-5.325302613735654056e-01 -2.810645155317267330e-01 1.960201689687011417e-01
-5.324307201942272139e-01 -2.811113257032239465e-01 1.960910298198958179e-01
-5.303709814777759490e-01 -2.819103401643163753e-01 1.961537231013703031e-01
-5.290694670469614502e-01 -2.824043061526627096e-01 1.961250183387454604e-01
-5.277648254284870166e-01 -2.829944358178619335e-01 1.962130830931100856e-01
-5.258503641726242073e-01 -2.836814740467509810e-01 1.962290001709846021e-01
-5.255016191194327169e-01 -2.838854088189561864e-01 1.962945053520487593e-01
-5.234147865580391912e-01 -2.845780362911886630e-01 1.962152302021619998e-01
-5.218482914808418860e-01 -2.850999573680261245e-01 1.962668389693647542e-01
-5.204624764965545269e-01 -2.856003722013310542e-01 1.962529057348254835e-01
-5.192296775081841620e-01 -2.859239829553302803e-01 1.962898946297381708e-01
-5.181733499967268175e-01 -2.863085103458794523e-01 1.963630744138674389e-01
-5.169700444003465511e-01 -2.864914551302279455e-01 1.962125261631360584e-01
-5.152075982374034746e-01 -2.870058091947240708e-01 1.962789679578809954e-01
-5.143397718907769534e-01 -2.871958558992790400e-01 1.962263065115203986e-01
-5.129363197254519502e-01 -2.875861586388706037e-01 1.963455890163716688e-01
-5.106733506136218459e-01 -2.881367766656116047e-01 1.963139603949398682e-01
-5.090311886595232371e-01 -2.885709751452130711e-01 1.963488309836585455e-01
-5.084034876111361845e-01 -2.887042644793018642e-01 1.964075463391802556e-01
-5.080912323918590490e-01 -2.888102824437887572e-01 1.963681998922989225e-01
-5.061742913168215674e-01 -2.892995711177607232e-01 1.963971521835346234e-01
-5.052553924424993959e-01 -2.895583573392088161e-01 1.964370748654497012e-01
-5.031793687615223609e-01 -2.901019717203002224e-01 1.964261573369615599e-01
-5.010655415376377153e-01 -2.906501841954847176e-01 1.964105346194369439e-01
-4.994934644112924427e-01 -2.911593189786981228e-01 1.964506001941673796e-01
-4.988228458555552525e-01 -2.913882337850569604e-01 1.965061950819521064e-01
-4.972740923818740888e-01 -2.919096326908261485e-01 1.964210787043033923e-01
-4.962698954857382994e-01 -2.923301611555869650e-01 1.964465918136617806e-01
-4.947905746945768790e-01 -2.928958364458996710e-01 1.964054072241256943e-01
-4.938225685393728415e-01 -2.933103867973966827e-01 1.964612879110611277e-01
-4.924692132162571956e-01 -2.939314511419942044e-01 1.964923769460597269e-01
-4.917084007084199238e-01 -2.943311675032573294e-01 1.965218451723593496e-01
-4.914076779075005619e-01 -2.944839575190886238e-01 1.964835170328111391e-01
-4.896368136658373893e-01 -2.954041533346805082e-01 1.965210525261682495e-01
-4.891033863154859440e-01 -2.956833333762664551e-01 1.964739300218660556e-01
-4.875740602753279584e-01 -2.965682646553740032e-01 1.965203564833407079e-01
-4.866185150397588921e-01 -2.972006911977503330e-01 1.965638460391731790e-01
-4.855360294832452017e-01 -2.978869276967751611e-01 1.965230602801071036e-01
-4.837078114447961319e-01 -2.990994401021465632e-01 1.965247018314938421e-01
-4.828797096476410422e-01 -2.997157804023602434e-01 1.964894468960474982e-01
-4.815586563601996217e-01 -3.007268573428762415e-01 1.965067283057260750e-01
-4.811245710761922201e-01 -3.010896916873727069e-01 1.964216337454715022e-01
-4.794159101245033527e-01 -3.025459980101750657e-01 1.964335206255275745e-01
-4.775811529034246217e-01 -3.040606622288069549e-01 1.963826561424010797e-01
-4.771739077204283364e-01 -3.044853801551919426e-01 1.964022951948580786e-01
-4.756636026649561644e-01 -3.057049168519151428e-01 1.963579772584534977e-01
-4.749975115542902637e-01 -3.062424113136527626e-01 1.962925145500502289e-01
-4.732936140172817607e-01 -3.077146152285994418e-01 1.962230735123043912e-01
-4.732127608508071570e-01 -3.077597544579921962e-01 1.962705563480913740e-01
-4.720621892907443384e-01 -3.088428026096344259e-01 1.961803088386518956e-01
-4.707220573666443530e-01 -3.100525013705754396e-01 1.961227116680838434e-01
-4.701752577224826424e-01 -3.105081844783746936e-01 1.961039310258062551e-01
-4.689371915427184012e-01 -3.116237908126754386e-01 1.960253361219781998e-01
-4.686227367585565351e-01 -3.119913339842393385e-01 1.961250539194185072e-01
-4.673560162164487330e-01 -3.132003093516079750e-01 1.960009128322607597e-01
-4.666138867134050905e-01 -3.138571334845752236e-01 1.961009101300991431e-01
-4.654929718049122811e-01 -3.149428590459805721e-01 1.959293829893735406e-01
-4.648624707859756455e-01 -3.154839743339908908e-01 1.960809420732528285e-01
-4.639338104834410115e-01 -3.165979411434423629e-01 1.959862069093585568e-01
-4.630507588806546115e-01 -3.173547436845910452e-01 1.960501738411245254e-01
-4.613900779531679430e-01 -3.190567924029965030e-01 1.959533872089747053e-01
-4.613874606073168350e-01 -3.190649905037631351e-01 1.960436052043723898e-01
-4.600214708445241052e-01 -3.205587248851498594e-01 1.958853783814680227e-01
-4.596751973968555283e-01 -3.208472667059369954e-01 1.960367093059033061e-01
-4.583324467908111433e-01 -3.223088271085837730e-01 1.958588225082981416e-01
-4.577052313073214918e-01 -3.228846204969901823e-01 1.959134376139329003e-01
-4.564619351204312059e-01 -3.241796701778957290e-01 1.958354636907265467e-01
-4.555210082854411757e-01 -3.250793540040771701e-01 1.957832502188276147e-01
-4.545350401231060267e-01 -3.261003655914339605e-01 1.957271370415079315e-01
-4.530913357385903950e-01 -3.275880104384445990e-01 1.956494689982028468e-01
-4.528705674059341213e-01 -3.278135644225550482e-01 1.957092720540157260e-01
-4.514950019153512462e-01 -3.293462628151531124e-01 1.956238219951282609e-01
-4.504852290604515752e-01 -3.303128667711479061e-01 1.955991186093674061e-01
-4.494335451988677455e-01 -3.314621324139599978e-01 1.955353326416579829e-01
-4.482016934059979141e-01 -3.328019118489757844e-01 1.954538728402805126e-01
-4.477412242914746154e-01 -3.331583741400394594e-01 1.954610772994954393e-01
-4.470354494615071395e-01 -3.340496559251310837e-01 1.954335416566483907e-01
-4.460034210889762263e-01 -3.350030260393285220e-01 1.953663247060977159e-01
-4.445274163666534384e-01 -3.365375440490290804e-01 1.952355479967471108e-01
-4.444184710438021657e-01 -3.366013953311323137e-01 1.953060675767530896e-01
-4.435714906197597562e-01 -3.376189159758866687e-01 1.952878190650452483e-01
-4.426299108263711535e-01 -3.384363946155525271e-01 1.952567115158334310e-01
-4.415441648611501679e-01 -3.397059126157233599e-01 1.951912870529289579e-01
-4.410278010533624782e-01 -3.400426114886993534e-01 1.951944507152351960e-01
-4.400802922416415797e-01 -3.411078319003315595e-01 1.951169806287018638e-01
-4.393723773452679060e-01 -3.416506690397703716e-01 1.951632902672142678e-01
-4.386136322834722212e-01 -3.425445295371786214e-01 1.951291129412944247e-01
-4.376405341589717501e-01 -3.433798130299289264e-01 1.951445055356866853e-01
-4.373104962432352583e-01 -3.437746370864390166e-01 1.951179057245936987e-01
-4.361028895635823965e-01 -3.449678329512163577e-01 1.950126562732331925e-01
-4.343015634538721637e-01 -3.438686435878175462e-01 1.994688392332869264e-01
-4.335905476785551493e-01 -3.413484196061757903e-01 2.058121063876046930e-01
-4.328955265343853998e-01 -3.403080734797289120e-01 2.098794520085427440e-01
-4.330688906424031703e-01 -3.400620168534508880e-01 2.106408602913032724e-01
-4.328716125758368949e-01 -3.429193468925025301e-01 2.075964191805364512e-01
-4.346178083598578046e-01 -3.442599863124441995e-01 2.050045915990455769e-01
-4.330036797749848287e-01 -3.481841947757966516e-01 2.018860614917633578e-01
-4.350783326183675914e-01 -3.478071108495087715e-01 2.018705970397965677e-01
-4.337630945500876578e-01 -3.490173238249168475e-01 2.033946531261375534e-01
-4.320309214019896205e-01 -3.501512288435455478e-01 2.052099577945526998e-01
-4.306458643439424749e-01 -3.515448896760747788e-01 2.063658124052245024e-01
-4.306678928229921710e-01 -3.523439185656745409e-01 2.059181392230487184e-01
-4.309416406890987927e-01 -3.528974236937938436e-01 2.054162978570741871e-01
-4.317082769659843500e-01 -3.532462712984065223e-01 2.041602231059868877e-01
-4.317094301224757014e-01 -3.540889392309953254e-01 2.040248744997076591e-01
-4.314242807329909946e-01 -3.558269097113537782e-01 2.041664100211576238e-01
-4.306928116848817711e-01 -3.577315247103156626e-01 2.044573584674211075e-01
-4.299393003884239284e-01 -3.591076413970876180e-01 2.047233403030393750e-01
-4.297323395500198817e-01 -3.595137843191001936e-01 2.048088282217730705e-01
-4.298220520942879763e-01 -3.597993363918985943e-01 2.046918800680430084e-01
-4.299699855249537461e-01 -3.603303670799150593e-01 2.044746234008162911e-01
-4.298748948026490657e-01 -3.610134483318233611e-01 2.043667126411320978e-01
-4.294311985257384112e-01 -3.628084843810142623e-01 2.044444073758077962e-01
-4.287924820421431527e-01 -3.650334775224501893e-01 2.045768590505562534e-01
-4.288134281518100610e-01 -3.649868164781350233e-01 2.045900043540638258e-01
-4.284257810569325753e-01 -3.657714412280782534e-01 2.045805344047089969e-01
-4.283997381947980410e-01 -3.657614171080141308e-01 2.045193229564887250e-01
-4.283765958632448356e-01 -3.669039404570094143e-01 2.045175191987292085e-01
-4.280583869757494941e-01 -3.691267310720193207e-01 2.044830604112589378e-01
-4.276043679441978718e-01 -3.711432982803487546e-01 2.044323037392002940e-01
-4.275744527835090847e-01 -3.711122248565515980e-01 2.044821058752710474e-01
-4.274846199744658515e-01 -3.707178315803744684e-01 2.046291258868238316e-01
-4.272573060891267094e-01 -3.707052228674276861e-01 2.046490160475582798e-01
-4.270400758283144360e-01 -3.712660446489611799e-01 2.046896464521963943e-01
-4.268274561004203882e-01 -3.726206751131953543e-01 2.045026217685067815e-01
-4.266584719644919699e-01 -3.737245976304667261e-01 2.044741441107312541e-01
-4.265437332950795524e-01 -3.750782420783819182e-01 2.042559741507159188e-01
-4.261659936522390058e-01 -3.769892366471742084e-01 2.042209346247748081e-01
-4.260563556667960050e-01 -3.771638359373132854e-01 2.043201220482078473e-01
-4.254519466031376207e-01 -3.781115360085280375e-01 2.045326235932693471e-01
-4.257686809363332991e-01 -3.776725702384503003e-01 2.047119340610971394e-01
-4.252312335065923654e-01 -3.791428399600740295e-01 2.046659888109630121e-01
-4.244196354276592587e-01 -3.817565196548911577e-01 2.044231212825485811e-01
-4.246570684463066847e-01 -3.822011005428384012e-01 2.043691515304265072e-01
-4.241162464403496757e-01 -3.837952388803017034e-01 2.041943624316775174e-01
-4.251863126347268929e-01 -3.826647832313985198e-01 2.044218646927797034e-01
-4.245122761995699379e-01 -3.836111998332922268e-01 2.043548223803044184e-01
-4.234086895056413113e-01 -3.853923564302896843e-01 2.045093827017354648e-01
-4.234633460293147356e-01 -3.858927988179468027e-01 2.043801144051812790e-01
-4.229789525673645079e-01 -3.871156973290115766e-01 2.046089090364398289e-01
-4.233070668649645540e-01 -3.879607767096163173e-01 2.045152535353425005e-01
-4.235178372540172043e-01 -3.896864351405281979e-01 2.044229706735369023e-01
-4.234389863535278353e-01 -3.896803273775643062e-01 2.044393993599692705e-01
-4.220488148977682985e-01 -3.913347920506009547e-01 2.043197216591337018e-01
-4.224535101122369185e-01 -3.912427126728634241e-01 2.045407061184769393e-01
-4.208350467297100050e-01 -3.935452420215471703e-01 2.043515376767945646e-01
-4.210361189802081516e-01 -3.942930630999786357e-01 2.043176950820345672e-01
-4.201976646262301496e-01 -3.959441116392043436e-01 2.041975023118829391e-01
-4.205277533064589179e-01 -3.973423531478922355e-01 2.043702219040974544e-01
-4.209567485714484358e-01 -3.979208482238523747e-01 2.045029371869915569e-01
-4.213152802677659348e-01 -3.985181546118904961e-01 2.047014637607398047e-01
-4.210579327289437068e-01 -3.996710678180626641e-01 2.046900095842392187e-01
-4.205336416876289674e-01 -4.004439236642041711e-01 2.046290762832702337e-01
-4.203674507814674777e-01 -4.007859656985123253e-01 2.045417396271370369e-01
-4.200073783533197491e-01 -4.011855712874739521e-01 2.045248023088885592e-01
-4.198237373595785638e-01 -4.019230232773144951e-01 2.044857099493590236e-01
-4.193005154129246237e-01 -4.033430095164034501e-01 2.043943020877275474e-01
-4.188650889562430812e-01 -4.051400455226496500e-01 2.043764271658317644e-01
-4.188047919538115949e-01 -4.064869619739703288e-01 2.044204973113651624e-01
-4.184792862198424279e-01 -4.078831826930964244e-01 2.043755660148028619e-01
-4.185201205324111107e-01 -4.086166490109582883e-01 2.044746984733083195e-01
-4.183963721943638192e-01 -4.092016239128911104e-01 2.045188756909719630e-01
-4.183492950881477768e-01 -4.098586262161487137e-01 2.044562984996233235e-01
-4.179193238484488204e-01 -4.107981866560685424e-01 2.044796250992651498e-01
-4.173942787710868685e-01 -4.124600817145941956e-01 2.044045581472325734e-01
-4.170111496634304471e-01 -4.137084325985760369e-01 2.044216204631465195e-01
-4.164111363791155873e-01 -4.156220905967613066e-01 2.043471345632236480e-01
-4.166229070438232096e-01 -4.163329787280851679e-01 2.045006073843614880e-01
-4.159857508972297224e-01 -4.175963139895961240e-01 2.044109095433782886e-01
-4.159105546273406118e-01 -4.183685097482232051e-01 2.045633292394748448e-01
-4.158201587062136384e-01 -4.191020759210128954e-01 2.045173050593596109e-01
-4.158231913355807108e-01 -4.198165290363441993e-01 2.046655059065045079e-01
-4.156545457016619927e-01 -4.203686662818898467e-01 2.045072205412029054e-01
-4.151997599126627803e-01 -4.217007241470511758e-01 2.043865966962648273e-01
-4.150468571732940926e-01 -4.225763934705990543e-01 2.043700844889361212e-01
-4.146798603813770523e-01 -4.236765726886910222e-01 2.044073066136735395e-01
-4.148173597221361253e-01 -4.239471169570519504e-01 2.044412794335111472e-01
-4.143670708338200170e-01 -4.250744717235547254e-01 2.045019064991268898e-01
-4.144524077687880559e-01 -4.256221652852709703e-01 2.046467980336544590e-01
-4.139088733104220319e-01 -4.267173663319696608e-01 2.045926420470844109e-01
-4.136694522740707591e-01 -4.276772022978390098e-01 2.045439957004893949e-01
-4.133307838031322623e-01 -4.287466409408572932e-01 2.044617740795440508e-01
-4.133875912047855761e-01 -4.291823131805564406e-01 2.045100762638663860e-01
-4.134020255864202520e-01 -4.291815683854374730e-01 2.045120018037550058e-01
-4.135108045644466102e-01 -4.292803427408333761e-01 2.045271620283337088e-01
-4.134897233301710329e-01 -4.296570077217107819e-01 2.045127185604904696e-01
-4.129751972190786047e-01 -4.312446654373900401e-01 2.044376158732782445e-01
-4.129487599581881385e-01 -4.314929099438816751e-01 2.045241730992901352e-01
-4.122949617870616534e-01 -4.326687127654819665e-01 2.045201702710631175e-01
-4.127203098603273723e-01 -4.326176110972644873e-01 2.046419155527218481e-01
