0.000000000000000000e+00 0.000000000000000000e+00 0.000000000000000000e+00
-4.600958869440038845e-01 1.148647130319174620e-01 2.045635623664074920e-01
-4.600959857487239013e-01 1.148648002269619939e-01 2.045636507248209945e-01
-4.600974911750189689e-01 1.148574489492907441e-01 2.045634911589939431e-01
-4.601204424149215599e-01 1.148223575094529519e-01 2.045659203679028038e-01
-4.601502447346835223e-01 1.147935210390043231e-01 2.045545215747330003e-01
-4.603794752096885823e-01 1.146922590507588186e-01 2.045390883441279839e-01
-4.607374388972646506e-01 1.145347857739437147e-01 2.044730311337885909e-01
-4.609028122879930689e-01 1.144479687769448389e-01 2.045113054491629057e-01
-4.615218279548380376e-01 1.140591081094710912e-01 2.046542406542722070e-01
-4.622195276306159117e-01 1.136899039588409321e-01 2.046217516049391727e-01
-4.629417016849454170e-01 1.134861018123183296e-01 2.046020182698620737e-01
-4.634560646346797541e-01 1.129731764423147072e-01 2.045350847105470715e-01
-4.641234831247553760e-01 1.127456262058671166e-01 2.045423813064510821e-01
-4.645064501679238012e-01 1.124796387043060647e-01 2.046074043331980730e-01
-4.661207125763079939e-01 1.114370712855916878e-01 2.044808909621864401e-01
-4.673504925779047858e-01 1.113123843705472182e-01 2.047856939839625690e-01
-4.692016285761980154e-01 1.100470181964180449e-01 2.046419790161915497e-01
-4.699178039146308938e-01 1.097215391846210197e-01 2.046721232939250623e-01
-4.715132500013115013e-01 1.087010605303900812e-01 2.045259210099741876e-01
-4.721290944800107248e-01 1.087988156843034959e-01 2.046460220302660782e-01
-4.736859110058728728e-01 1.072689845683435089e-01 2.044001699722837184e-01
-4.761373181919494879e-01 1.050536276256020668e-01 2.040748464659034311e-01
-4.793620312721483812e-01 1.033873777708371883e-01 2.042004343791658516e-01
-4.796752072681120249e-01 1.035619031049741512e-01 2.043443575737974860e-01
-4.805061279447733202e-01 1.027101647343466595e-01 2.044269562236945004e-01
-4.815028198531460801e-01 1.025499474852011594e-01 2.046048558377478455e-01
-4.829513668620354361e-01 1.025956815317279475e-01 2.047521108955454028e-01
-4.831815197369594417e-01 1.025345716721024897e-01 2.048013938080567309e-01
-4.845281245213713950e-01 1.017715553211558099e-01 2.045790717741333142e-01
-4.848961871399168344e-01 1.010443820276953064e-01 2.045713222354011152e-01
-4.869665270224800557e-01 9.978064909940029259e-02 2.043427592277770322e-01
-4.873955144369208625e-01 9.910428965844389482e-02 2.045411917816702396e-01
-4.895569528066638920e-01 9.803756252837250718e-02 2.045021739792568793e-01
-4.902536282092773146e-01 9.789226652330576539e-02 2.047310182732938189e-01
-4.916928500597904650e-01 9.738872730123493415e-02 2.047096943889147591e-01
-4.930052862287625515e-01 9.642773866535764293e-02 2.044186658322622585e-01
-4.937686558258039815e-01 9.580068835922016246e-02 2.043121503763613844e-01
-4.940823588134192201e-01 9.555047936489440008e-02 2.043300879107189383e-01
-4.943571276490693611e-01 9.532676546091344016e-02 2.045596753960290670e-01
-4.952000783965843089e-01 9.495054572156573502e-02 2.047622832923490233e-01
-4.961272729346696275e-01 9.451063596448956716e-02 2.047417150633909222e-01
-4.969078240025595061e-01 9.419126214578472933e-02 2.046656296572510192e-01
-4.977746822179279773e-01 9.378468088281911863e-02 2.044845645826604275e-01
-4.977411900472895057e-01 9.383658319987847607e-02 2.044864626379226114e-01
-4.984394271154542477e-01 9.342311842603368000e-02 2.043741859925277127e-01
-4.984227216180540654e-01 9.326039343536071669e-02 2.045174724770194574e-01
-4.994660249876767266e-01 9.270339813353567493e-02 2.046574468626875531e-01
-5.009037621535541440e-01 9.206191726623688676e-02 2.045677904402287972e-01
-5.016387429097991513e-01 9.190580903794952350e-02 2.046612033495490424e-01
-5.020521118459752019e-01 9.157403922655329986e-02 2.044379082941317205e-01
-5.020800964615862449e-01 9.170555825227486024e-02 2.045446939751245086e-01
-5.025216972422262840e-01 9.145964139895795819e-02 2.044177927025304653e-01
-5.027726932593528097e-01 9.158531255999792509e-02 2.047027897826995957e-01
-5.044429352940380529e-01 9.109593872044033369e-02 2.049025569010508308e-01
-5.046540197614516332e-01 9.101291369294259304e-02 2.048856833638522112e-01
-5.063050721403373755e-01 8.997973199031378266e-02 2.045444217854268942e-01
-5.061451931519408420e-01 9.013940876643294908e-02 2.045724953781170030e-01
-5.082398630169551179e-01 8.879488725577201758e-02 2.041500774571413102e-01
-5.103877249005943639e-01 8.781697719882473885e-02 2.040733130971892073e-01
-5.106372126825897695e-01 8.774111927422652280e-02 2.041867831111204568e-01
-5.111695552287852662e-01 8.775503364972167542e-02 2.045721131380865976e-01
-5.120064247026792081e-01 8.760278727245193742e-02 2.048988293643603242e-01
-5.127687383687969946e-01 8.720377967648450246e-02 2.049545922398816056e-01
-5.136437543266831884e-01 8.658513135037208819e-02 2.047343579160595117e-01
-5.146629051838572666e-01 8.598402645920726062e-02 2.044933539918171450e-01
-5.154784098792958291e-01 8.536067927054515059e-02 2.044501351886582330e-01
-5.168797654882255621e-01 8.447953744436989543e-02 2.045602541875436997e-01
-5.174530544124931186e-01 8.401395353782939446e-02 2.045265120806918080e-01
-5.183846202668875858e-01 8.349106574233480793e-02 2.045620238639500599e-01
-5.189528683685596944e-01 8.302029611185583746e-02 2.045668228103594555e-01
-5.198702681027835837e-01 8.253893276833858261e-02 2.046099867764304137e-01
-5.207204884698447556e-01 8.191922997704627341e-02 2.046013673755628093e-01
-5.218759053230939138e-01 8.072044834876253294e-02 2.044775569116551450e-01
-5.222374356401169315e-01 8.050576574097755012e-02 2.045118431302242468e-01
-5.236035007245681827e-01 7.968331391006984454e-02 2.043896017676007648e-01
-5.239211527546994152e-01 7.954514326164749405e-02 2.044620630005141160e-01
-5.244956106046572142e-01 7.919168197826838285e-02 2.044103634201008268e-01
-5.255607908925550298e-01 7.876605271597798830e-02 2.044298688138548037e-01
-5.261686950160155973e-01 7.842886114513744622e-02 2.044171540023425881e-01
-5.271348599964931214e-01 7.797677423145142617e-02 2.043951434929069944e-01
-5.282400042636097304e-01 7.760868774173917961e-02 2.043603833595331876e-01
-5.291023079257292094e-01 7.716244908966693461e-02 2.043896975043168196e-01
-5.298428482608852352e-01 7.687245693905757349e-02 2.043213133355153144e-01
-5.308047088621282716e-01 7.659314207330598923e-02 2.043075755179127595e-01
-5.319523987249129560e-01 7.596863239776584231e-02 2.042399052525386838e-01
-5.327733518272260715e-01 7.580373412759816576e-02 2.042494871614820295e-01
-5.340345969679408666e-01 7.503592216361786027e-02 2.040965506337722446e-01
-5.348700732960570692e-01 7.490527983559402969e-02 2.041451020809779693e-01
-5.363502533401470762e-01 7.402909918590948324e-02 2.039750913846843927e-01
-5.369001856485829949e-01 7.413710188119021494e-02 2.040960211538054292e-01
-5.381854768405084366e-01 7.342911456271371262e-02 2.040125375845536493e-01
-5.389607455114834300e-01 7.329087786799012849e-02 2.040524834547740030e-01
-5.398423530938271098e-01 7.273924403718211307e-02 2.040056757634021722e-01
-5.409515852263853120e-01 7.223904443906761785e-02 2.039185310437904852e-01
-5.420692154864755752e-01 7.195609712323459972e-02 2.039571878287248785e-01
-5.428389691890981306e-01 7.142569406874270388e-02 2.038046327222244880e-01
-5.439787528034287778e-01 7.097588437936502848e-02 2.037726977189401323e-01
-5.448576990933473585e-01 7.044831459377604022e-02 2.036290628828588134e-01
-5.464448867940486787e-01 6.962987764426226134e-02 2.035270337343916269e-01
-5.481717832697560189e-01 6.888393401452906628e-02 2.034442928920540961e-01
-5.492790543684443749e-01 6.851416632064719070e-02 2.034643942973403674e-01
-5.502871339831043596e-01 6.795707798873411309e-02 2.033501167096181950e-01
-5.511658681184334885e-01 6.738092254799282754e-02 2.033807757290691798e-01
-5.522185375265944440e-01 6.672250472674542965e-02 2.033573358578342760e-01
-5.534736087043743424e-01 6.557616068924677910e-02 2.031851222386168165e-01
-5.540559556972731725e-01 6.542204397162455776e-02 2.031753725613769657e-01
-5.552526240751954889e-01 6.392074876729356148e-02 2.029919142424630729e-01
-5.559972824609450415e-01 6.347856571657367608e-02 2.030102150993802479e-01
-5.574519219180726903e-01 6.177716192915784499e-02 2.029173984723976754e-01
-5.581448832473572264e-01 6.084117302392690746e-02 2.029094768320664488e-01
-5.587809013703364247e-01 6.000254891359819986e-02 2.028404795914530712e-01
-5.591411674148170086e-01 5.909649744332799021e-02 2.028518946512843923e-01
-5.597013085035705826e-01 5.842046038412578718e-02 2.028046167759517127e-01
-5.598304722745519602e-01 5.805352347140078917e-02 2.028120726312907240e-01
-5.602295136752077909e-01 5.608531375255806917e-02 2.026788113635318300e-01
-5.603677444171181188e-01 5.602308827996733270e-02 2.028200084155630523e-01
-5.604860648040350668e-01 5.483631301844483358e-02 2.026864533056398354e-01
-5.606111111577665174e-01 5.389499908419819602e-02 2.027171889025974338e-01
-5.606643192028839540e-01 5.282368929439049815e-02 2.026524336165215212e-01
-5.606580687973256039e-01 5.118999379552677254e-02 2.026316454465624528e-01
-5.605469768183315438e-01 5.028233501795788957e-02 2.026436525883697493e-01
-5.605077839286431995e-01 4.882860226902346890e-02 2.026329403327729595e-01
-5.603945431777851427e-01 4.721619644102287294e-02 2.026229194063598193e-01
-5.603075090108818879e-01 4.635708640235830513e-02 2.026076564011134173e-01
-5.602805511798836235e-01 4.497632417491973650e-02 2.026060929843827574e-01
-5.601930595502443433e-01 4.378437824998267919e-02 2.025976062805355526e-01
-5.601020301879506835e-01 4.250952794388890982e-02 2.025725539822902377e-01
-5.600123860524337527e-01 4.155074120698826895e-02 2.025545542617316619e-01
-5.599283898206232069e-01 3.977411178516433721e-02 2.025389555539501840e-01
-5.597211408476572281e-01 3.856147059833955199e-02 2.025832729538025179e-01
-5.596924782912310326e-01 3.753151994650372192e-02 2.024742972353963388e-01
-5.595639809372552342e-01 3.598155395813073393e-02 2.025135406398891336e-01
-5.593735660224951056e-01 3.505235099213147021e-02 2.024904672127074146e-01
-5.591554713041938518e-01 3.312884456359212193e-02 2.024329581748402496e-01
-5.590719415439882045e-01 3.287110484775283836e-02 2.024816637704769107e-01
-5.590326805760329476e-01 3.178663297563034257e-02 2.024696980379636635e-01
-5.588053993043007317e-01 3.025658416885193894e-02 2.024412071136402758e-01
-5.587435619905394280e-01 2.947942036054978371e-02 2.024127843841975194e-01
-5.585782643626392430e-01 2.819201693101206982e-02 2.024143177393944726e-01
-5.584763630974317605e-01 2.711389426315664875e-02 2.024089331601916786e-01
-5.582319120073669927e-01 2.583137722776532308e-02 2.023674771451821897e-01
-5.582292122357940256e-01 2.513078124896787890e-02 2.024199720752041243e-01
-5.579768009227417114e-01 2.356864213545986977e-02 2.023342189991930162e-01
-5.577129748505410545e-01 2.153121350048173635e-02 2.023231102715163376e-01
-5.576836197358517877e-01 2.102749466857127894e-02 2.023261731278570563e-01
-5.574311425148349430e-01 1.898816011140498292e-02 2.023077732357877190e-01
-5.574469315024318528e-01 1.905917181062015062e-02 2.023160499470853246e-01
-5.573178222735738485e-01 1.736091495668461507e-02 2.022486179499324854e-01
-5.564566789496488974e-01 1.498942362970673119e-02 2.033808834046200997e-01
-5.551879944047195536e-01 1.153502277883017464e-02 2.052930378271906053e-01
-5.549093933872828455e-01 9.588805584291409251e-03 2.061653233855069711e-01
-5.557007221817024112e-01 9.489420925408673449e-03 2.053513440919737809e-01
-5.569932003705115875e-01 1.048101139445204062e-02 2.037217268554713523e-01
-5.570631054649013425e-01 1.011798864014970198e-02 2.037575021660334162e-01
-5.565578077222572695e-01 8.764495222165810673e-03 2.044437583368353961e-01
-5.560857434210642047e-01 7.423093605365668583e-03 2.048957668477920380e-01
-5.556902098221006003e-01 5.490382648644254009e-03 2.049481513407502842e-01
-5.556906298373917030e-01 4.557090592283542275e-03 2.047134596509173898e-01
-5.559278992489712357e-01 3.950974389022662500e-03 2.043837692484984647e-01
-5.559700232476704196e-01 3.177904685720950133e-03 2.042232065922848505e-01
-5.556596958150550325e-01 2.173750527374081806e-03 2.044346047915902853e-01
-5.552263642773366259e-01 1.244149871519526851e-03 2.046843055804855038e-01
-5.548706109375688422e-01 3.352550536274561690e-04 2.047735157507500348e-01
-5.547249673715227702e-01 -8.403080501790896216e-05 2.048068407620772524e-01
-5.545041939139695453e-01 -1.198475334923113393e-03 2.045481850417810721e-01
-5.542147881090979666e-01 -2.406853456544707451e-03 2.043834329904023195e-01
-5.539745720783606497e-01 -3.587683817230548355e-03 2.043674642796624585e-01
-5.536400798281341240e-01 -4.455082779984627199e-03 2.045140074905410499e-01
-5.534120848961550099e-01 -5.190433034216439950e-03 2.045719607832396647e-01
-5.530256301257421292e-01 -6.061610738873685587e-03 2.046401783609091973e-01
-5.528283745616865419e-01 -6.588327330257917093e-03 2.046892368256014172e-01
-5.523011523512446619e-01 -7.689336972873339789e-03 2.046321965642721730e-01
-5.513590977810524096e-01 -1.004349865461361124e-02 2.044789273001725860e-01
-5.514515905256027750e-01 -9.874969270030248963e-03 2.045463708654067791e-01
-5.512521813382250668e-01 -1.128261616592205439e-02 2.044687540113897806e-01
-5.510152165399625490e-01 -1.171421537781993684e-02 2.045606702492087925e-01
-5.504583512483550711e-01 -1.322602483074379089e-02 2.044595012959370128e-01
-5.498445597533406781e-01 -1.488258009169306402e-02 2.045391080527677041e-01
-5.496236928299469415e-01 -1.530924633539063572e-02 2.044481017498513964e-01
-5.497291727674393780e-01 -1.477742330551330176e-02 2.047057227163811000e-01
-5.495445613974895283e-01 -1.534252091187046467e-02 2.045830819049430371e-01
-5.495084042694976523e-01 -1.534340208009624118e-02 2.048847784424334129e-01
-5.489145398744700310e-01 -1.750038322622088707e-02 2.046396227894304864e-01
-5.487334913471471065e-01 -1.786332303136614966e-02 2.048644619085252527e-01
-5.479838836943532465e-01 -2.073375844381058694e-02 2.041751179394495352e-01
-5.480411956006864260e-01 -2.015369433601512175e-02 2.047121482986964947e-01
-5.477032431493273901e-01 -2.174750549680860498e-02 2.042913725104903711e-01
-5.475795808049968016e-01 -2.262609183416208064e-02 2.046406658992205307e-01
-5.474640387979307077e-01 -2.183014129690376975e-02 2.046722249685628270e-01
-5.470910412600241690e-01 -2.442529003859276668e-02 2.047823449641330285e-01
-5.465311062497015815e-01 -2.730014002668429071e-02 2.046581922142888810e-01
-5.459793666304837423e-01 -2.910339383194650992e-02 2.044098580593569359e-01
-5.456821369668670707e-01 -2.940650156296684484e-02 2.043556466907146818e-01
-5.456874209742402781e-01 -2.937311803075796923e-02 2.043728873792712841e-01
-5.457529300055129484e-01 -2.951157800147735308e-02 2.045920888547460847e-01
-5.457514403166445760e-01 -3.045078392880416762e-02 2.048328033018551597e-01
-5.454755617605033802e-01 -3.234075462379113614e-02 2.047338706136507258e-01
-5.454585258583739549e-01 -3.227089977568395329e-02 2.048227753047212885e-01
-5.450555687031519714e-01 -3.326916663103705180e-02 2.045815134904534205e-01
-5.446013647620274734e-01 -3.527356058279991491e-02 2.043261159493532098e-01
-5.444342002440490935e-01 -3.627190042884233939e-02 2.043005299905942540e-01
-5.443358839964814733e-01 -3.721462606877347368e-02 2.044925041854402381e-01
-5.443308775761501739e-01 -3.822254935688313565e-02 2.048163783881367939e-01
-5.442099012317125339e-01 -3.865135261451720788e-02 2.047321995628311464e-01
-5.442028888770442663e-01 -3.900144109623493449e-02 2.047413330702902712e-01
-5.439813119323719803e-01 -3.964226218857022643e-02 2.045347000431514406e-01
-5.439442771526010745e-01 -4.019700215460667719e-02 2.044963616076303226e-01
-5.436663223101877440e-01 -4.120661667903122161e-02 2.044955971537637529e-01
-5.433236681494708620e-01 -4.311669761455046157e-02 2.045690608610898631e-01
-5.430053750225273257e-01 -4.504605212601619363e-02 2.045738420731212370e-01
-5.428904654528646789e-01 -4.585979525545779562e-02 2.046093533209392135e-01
-5.427936995884369287e-01 -4.613601100407750677e-02 2.046077704107066297e-01
-5.427562669036337661e-01 -4.616787616159852975e-02 2.046421787873040632e-01
-5.424698765565100222e-01 -4.723983657386606611e-02 2.046063504068373062e-01
-5.420605720022797502e-01 -4.921044049937681186e-02 2.045027424585939280e-01
-5.417879386607956649e-01 -5.096073619548822237e-02 2.044765607071982738e-01
-5.416076567461037827e-01 -5.187561150513285424e-02 2.045312735085435818e-01
-5.414781278507392326e-01 -5.205052654716393890e-02 2.046515332592487302e-01
-5.412906859451139807e-01 -5.230612980854987965e-02 2.047039229855935338e-01
-5.410999305143442406e-01 -5.306507981119459177e-02 2.046381217310072054e-01
-5.408892902566267979e-01 -5.406025721220352603e-02 2.045617670405869837e-01
-5.406020071839250374e-01 -5.571848815298504481e-02 2.044823264833242893e-01
-5.401865054252765752e-01 -5.759913036058014052e-02 2.044310180889153672e-01
-5.397736138355105906e-01 -5.885924963796404508e-02 2.045327547956970748e-01
-5.395285718193290059e-01 -5.919300078044366364e-02 2.047142351413523687e-01
-5.394496619355056977e-01 -5.923544161542573794e-02 2.047442822323514988e-01
-5.392787337151940807e-01 -5.988352825589950829e-02 2.045265042090599616e-01
-5.392879294215043862e-01 -5.986710553286397896e-02 2.045459047792287655e-01
-5.391182461688093230e-01 -6.097189920090188148e-02 2.044290934560920037e-01
-5.385841362795387166e-01 -6.323058806975255519e-02 2.044264295870541204e-01
-5.384252845717455438e-01 -6.372723720615222631e-02 2.044216040668329903e-01
-5.377968474745217220e-01 -6.545981016338704717e-02 2.045404818888269527e-01
-5.377589691526666327e-01 -6.551777843719104599e-02 2.045869053241541891e-01
-5.374163446509224729e-01 -6.645107357125804026e-02 2.046952734157604648e-01
-5.375613423046310402e-01 -6.583871278237131419e-02 2.046019509399545633e-01
-5.372675592399254185e-01 -6.725775848146346714e-02 2.047320443695977155e-01
-5.371446654289350198e-01 -6.744878369900784987e-02 2.046070367206233587e-01
-5.367020539747940910e-01 -6.955714361336871876e-02 2.045360614064361815e-01
-5.364727932243903430e-01 -6.973499308281738696e-02 2.044612489148570633e-01
-5.368238055918996832e-01 -6.916794747053105208e-02 2.045832251968111859e-01
-5.368726076583144602e-01 -6.967532936845970137e-02 2.045221079830265021e-01
-5.369172487771814994e-01 -6.999402444050634164e-02 2.045620862096614034e-01
-5.370147603675218262e-01 -7.054426095980921574e-02 2.045016583357035511e-01
-5.371137393352771738e-01 -7.085571721807541745e-02 2.045100121025993922e-01
-5.372704307571642968e-01 -7.155513342312047609e-02 2.044328583604788641e-01
-5.374874768676507486e-01 -7.194504049752523112e-02 2.044489052908811388e-01
-5.379544551400998742e-01 -7.320329232937278219e-02 2.043582729778179730e-01
-5.381554387189616540e-01 -7.390553654802961558e-02 2.043932764510962563e-01
-5.384542299763013240e-01 -7.464845810367584655e-02 2.043802680173504582e-01
-5.386605143730321954e-01 -7.535331574129802701e-02 2.043003178880702930e-01
-5.390541691676348224e-01 -7.677829534766555941e-02 2.041607698913151248e-01
-5.395901317086059246e-01 -7.734446735583194732e-02 2.042839523952349190e-01
-5.397187565508577700e-01 -7.842449249857692817e-02 2.040862009123131926e-01
-5.403327720259748501e-01 -7.899211184702074895e-02 2.042197672555186028e-01
-5.406631009353430883e-01 -7.970330028903646613e-02 2.042167898607666898e-01
-5.413426518544829369e-01 -8.085064098163208257e-02 2.040983146171451157e-01
-5.416732379551699728e-01 -8.161995117625764351e-02 2.041705378088559675e-01
-5.422085848291671173e-01 -8.293289332332215436e-02 2.039028589604180708e-01
-5.426814265826187533e-01 -8.346187909511480763e-02 2.040238639733129300e-01
-5.432455727900571407e-01 -8.496989525381135056e-02 2.037448493966532714e-01
-5.437926749374258906e-01 -8.579823268013650472e-02 2.037807586861647979e-01
-5.444503192480792952e-01 -8.755892038108011033e-02 2.036352642728923024e-01
-5.451451607149895295e-01 -8.785935208929611384e-02 2.037567419411435987e-01
-5.454711739278828020e-01 -8.953989138837589734e-02 2.035724241131516288e-01
-5.463307045414947938e-01 -9.001924422845308804e-02 2.036274015542285376e-01
-5.463728952894695290e-01 -9.092569551601813183e-02 2.035919902611638410e-01
-5.471138832030608690e-01 -9.250673279189743081e-02 2.033439861561786022e-01
-5.477492784925395153e-01 -9.306439384341225196e-02 2.035162003571321654e-01
-5.481762371295345604e-01 -9.448851864906164522e-02 2.032371182441331248e-01
-5.488383467944929484e-01 -9.502501304946074645e-02 2.033821590524468592e-01
-5.496261932485800861e-01 -9.718356014210531579e-02 2.031145730973362151e-01
-5.501883310100054159e-01 -9.708613308076440018e-02 2.033135783528695062e-01
-5.503947555396697666e-01 -9.823840577155180942e-02 2.031987349907800056e-01
-5.512768188149596016e-01 -1.001227486886938356e-01 2.029844750566976441e-01
-5.516033811497023098e-01 -1.002744970690800236e-01 2.030759360628114629e-01
-5.522662858793383478e-01 -1.014965081217893833e-01 2.030471232549605765e-01
-5.528660543236908476e-01 -1.023898341593937333e-01 2.029847953391598625e-01
-5.533417461262039039e-01 -1.032267998443756468e-01 2.029028055282288134e-01
-5.542020603117446820e-01 -1.045818561244025446e-01 2.028385989311482507e-01
-5.544337322141638102e-01 -1.051204418336251639e-01 2.028368428236737853e-01
-5.546869989697679193e-01 -1.056568311708511038e-01 2.028098488816789113e-01
-5.555601686505611259e-01 -1.072486272205068480e-01 2.026558890037176430e-01
-5.559566102429455148e-01 -1.078062544061736822e-01 2.027446080633057701e-01
-5.564972184921740395e-01 -1.091253817028954715e-01 2.025656842048242645e-01
-5.573480274623466846e-01 -1.102370969665176087e-01 2.024971942373652023e-01
-5.578232182656167604e-01 -1.113322116119037225e-01 2.023819637791924864e-01
-5.586325512100704938e-01 -1.123072856098984440e-01 2.023166054010952786e-01
-5.590164746843675481e-01 -1.135694211348648591e-01 2.022583696224314054e-01
-5.595325541546160020e-01 -1.144622357828448678e-01 2.021040692519212589e-01
-5.604321725287497724e-01 -1.162427924233655485e-01 2.019973244809146196e-01
-5.612443853633711788e-01 -1.167833270959023617e-01 2.020592907773161861e-01
-5.616536687563665753e-01 -1.185922905366628421e-01 2.018487086710082368e-01
-5.625687915204712342e-01 -1.188366708494095064e-01 2.019273051805860475e-01
-5.635846531739326926e-01 -1.210919471296530714e-01 2.016937229805367549e-01
-5.638326758621162726e-01 -1.209236477920343916e-01 2.018581336082054811e-01
-5.640638371845947407e-01 -1.221457424687581866e-01 2.017222250821750218e-01
-5.647674055013622851e-01 -1.232551004978937464e-01 2.016150148072562154e-01
-5.654678917066130461e-01 -1.244736772149817317e-01 2.014827209830718224e-01
-5.662932790826242790e-01 -1.265952160340101385e-01 2.013271101188154055e-01
-5.671025199480296264e-01 -1.271329506704228229e-01 2.014510379150957486e-01
-5.683782995201266397e-01 -1.290540071975101177e-01 2.013707271540605415e-01
-5.695986575704186095e-01 -1.312989315249699640e-01 2.012259295995972308e-01
-5.701189008732457930e-01 -1.322004689574464431e-01 2.011554643078985460e-01
-5.709811613575366263e-01 -1.335116305927716851e-01 2.010928152424802662e-01
-5.717235843875791979e-01 -1.351203030299446273e-01 2.009053249204444669e-01
-5.726956597626322587e-01 -1.370340043682246600e-01 2.007753852448226906e-01
-5.734346302190790334e-01 -1.376656202059281797e-01 2.007226850453217304e-01
-5.739437057908463036e-01 -1.392268692957286391e-01 2.005659412597511626e-01
-5.745846310206423890e-01 -1.402444852420322852e-01 2.004668691210044484e-01
-5.755416231505724456e-01 -1.416348430157350069e-01 2.003407855860145914e-01
-5.760603301175959423e-01 -1.423047463803198964e-01 2.004333790390840087e-01
-5.765185070849710991e-01 -1.434780144262969570e-01 2.002390070746554451e-01
-5.773105071641172481e-01 -1.448822572866950431e-01 2.002470812810124845e-01
-5.777398020770774245e-01 -1.460811316956019124e-01 2.000233929418394341e-01
-5.786902267955201795e-01 -1.472443256622251728e-01 1.999454909655994372e-01
-5.789364439202983048e-01 -1.481860580843905595e-01 1.998586152478914191e-01
-5.796536565163121768e-01 -1.491889170861747105e-01 1.998462682845721372e-01
-5.803060002014041041e-01 -1.513783680666412612e-01 1.996108180310108005e-01
-5.809225096084127404e-01 -1.514589234496851178e-01 1.997603827030581536e-01
-5.812378089812727522e-01 -1.529465058016056256e-01 1.995502095526791586e-01
-5.821516206746770727e-01 -1.535996827592342739e-01 1.996183625336047929e-01
-5.828916965526741434e-01 -1.556333130498764872e-01 1.994161619484020043e-01
-5.834090458152596526e-01 -1.560070137267268175e-01 1.994672244209907130e-01
-5.840982972782091664e-01 -1.577100441725521607e-01 1.993020865977710443e-01
-5.848488172610170066e-01 -1.581655911299253425e-01 1.992737310919945604e-01
-5.852211171124755973e-01 -1.599522691464958790e-01 1.991764728955438546e-01
-5.859604221930431178e-01 -1.606543956641246218e-01 1.991802566407727682e-01
-5.864937590440338910e-01 -1.621445125996935355e-01 1.989899799670288294e-01
-5.871792775066341230e-01 -1.635025193166217139e-01 1.989377282351710297e-01
-5.880611838323975826e-01 -1.647789704021820345e-01 1.989226936432202109e-01
-5.887358249872137739e-01 -1.665859007488314225e-01 1.987610095053159442e-01
-5.898962658895651190e-01 -1.687659640393248395e-01 1.986373589381898730e-01
-5.904904906902318507e-01 -1.695798643900493785e-01 1.986305583453746582e-01
-5.912505711843374367e-01 -1.709944831770547902e-01 1.984750460977686981e-01
-5.917614956845256291e-01 -1.720696153275645957e-01 1.984527004762603741e-01
-5.922648219375347134e-01 -1.732496313863511883e-01 1.981906742677786715e-01
-5.929058430941955837e-01 -1.741688514808586441e-01 1.983626651591862411e-01
-5.937754430060244726e-01 -1.761467476254637288e-01 1.981244007952947250e-01
-5.941259511396524973e-01 -1.763201414510106035e-01 1.982305622700952230e-01
-5.944747278749323849e-01 -1.775459450513039439e-01 1.981787184848076422e-01
-5.950806486265872719e-01 -1.786169240450204698e-01 1.979328371635554751e-01
-5.954438747833553647e-01 -1.792776605741740747e-01 1.980378435113469282e-01
-5.959936661322836615e-01 -1.797583618843221209e-01 1.980396068929469455e-01
-5.964092795893202181e-01 -1.815129602440518075e-01 1.978485518397655463e-01
-5.969097977318214010e-01 -1.831384684303661858e-01 1.976718453026924394e-01
-5.972206826723204243e-01 -1.838691952085911574e-01 1.975965676820361228e-01
-5.979217052094329965e-01 -1.852989190369032368e-01 1.975161356533709778e-01
-5.979797256891898893e-01 -1.860661085686853844e-01 1.974337121451534283e-01
-5.982388129437633539e-01 -1.874334799350749203e-01 1.973939967168499288e-01
-5.986100320135731012e-01 -1.884735087093681871e-01 1.972996447543454712e-01
-5.987118802419365560e-01 -1.901698994848929347e-01 1.972066629300992802e-01
-5.990054612750751462e-01 -1.910915377967634665e-01 1.970246149415073311e-01
-5.989921027469806702e-01 -1.932626358619863038e-01 1.968683957394843642e-01
-5.992740373294911382e-01 -1.935440633899924434e-01 1.969488527160485891e-01
-5.992420202485669867e-01 -1.953344541344866347e-01 1.968218038246452584e-01
-5.993875497064363733e-01 -1.960345493594050637e-01 1.968273472197921425e-01
-5.992828704561175002e-01 -1.974136257267233019e-01 1.967112876978813207e-01
-5.991716342840590626e-01 -1.993498715495633511e-01 1.965899241280895937e-01
-5.991100510759540532e-01 -2.009150795832939096e-01 1.965917496816148857e-01
-5.986954744594334965e-01 -2.031800757274937197e-01 1.964718533662009325e-01
-5.988862165449942987e-01 -2.033957018722442334e-01 1.965390325751269207e-01
-5.984477456374944770e-01 -2.052877842166175859e-01 1.963867051080405990e-01
-5.985089255696710575e-01 -2.057861726398191593e-01 1.964575649033836469e-01
-5.982051721234107333e-01 -2.069999659457825991e-01 1.964053096288935485e-01
-5.976570003001913101e-01 -2.087237133184642601e-01 1.963077523538054592e-01
-5.974421602322746994e-01 -2.096969006642112610e-01 1.962398797884696566e-01
-5.971181828478717701e-01 -2.111979173548438060e-01 1.962161499362416461e-01
-5.969274829587520870e-01 -2.123987968271256188e-01 1.961576804395057938e-01
-5.968423622113325777e-01 -2.134829357402207306e-01 1.961237430830944928e-01
-5.966732376097652057e-01 -2.144324160752860975e-01 1.960747677473864969e-01
-5.964250258459051768e-01 -2.157171303791660388e-01 1.960696637584143920e-01
-5.962598208489033880e-01 -2.168534760452647259e-01 1.960089824657237911e-01
-5.959267648098778292e-01 -2.181795923381687763e-01 1.959253376617210995e-01
-5.959056102139619338e-01 -2.190906038386545851e-01 1.959539681404645906e-01
-5.956367321214207644e-01 -2.206441130704721865e-01 1.959138203062090744e-01
-5.954175024257356563e-01 -2.219924614299660370e-01 1.959298652722489820e-01
-5.952145754456872329e-01 -2.231783107545390610e-01 1.958251417791820326e-01
-5.949635440540383957e-01 -2.244181178621032502e-01 1.957675530140379483e-01
-5.947795936901213443e-01 -2.255919078314486126e-01 1.957958802593104397e-01
-5.943180962898464426e-01 -2.275664928338604620e-01 1.956330937231962885e-01
-5.943173778390306028e-01 -2.281149936540200762e-01 1.957043636238272322e-01
-5.940356188141076021e-01 -2.292883083032856428e-01 1.956847232335436337e-01
-5.937084101068301756e-01 -2.310628240829792623e-01 1.955745430449422895e-01
-5.935463981566205804e-01 -2.317557476294059560e-01 1.955745482026143289e-01
-5.933635520110736028e-01 -2.330945296188088600e-01 1.954930498625031821e-01
-5.931684977708845397e-01 -2.339258098619133863e-01 1.955253916045682216e-01
-5.927379496981138862e-01 -2.358165687588858750e-01 1.954189833289586564e-01
-5.926868382526806478e-01 -2.365659424533784749e-01 1.954237472737324344e-01
-5.921714685624837049e-01 -2.386727672187319571e-01 1.952958049853299738e-01
-5.921748071695450699e-01 -2.397240030733496230e-01 1.953930892082023918e-01
-5.916410877194225870e-01 -2.413068539087791231e-01 1.951649937237533439e-01
-5.915070114706609816e-01 -2.425133345019368780e-01 1.951905063511766847e-01
-5.910874797941172432e-01 -2.440495329177540529e-01 1.950530377096708345e-01
-5.907505124966820897e-01 -2.457898878508793794e-01 1.949924272198786390e-01
-5.906217773267469218e-01 -2.468739845774048924e-01 1.949511642488848673e-01
-5.901802437453748107e-01 -2.493202263490277015e-01 1.949358116585069023e-01
-5.898934403970883533e-01 -2.502206775661796057e-01 1.948769298187063292e-01
-5.891589428594379285e-01 -2.526304478092930017e-01 1.948131566804000014e-01
-5.892276558392457453e-01 -2.525825973306201067e-01 1.948457319827283651e-01
-5.883493713682722559e-01 -2.547952065593004356e-01 1.947120711487780598e-01
-5.874885095729690532e-01 -2.569266685165781938e-01 1.946757000981016172e-01
-5.874874385878631200e-01 -2.569429868980234732e-01 1.947012551159743310e-01
-5.865936868231250712e-01 -2.589096100364514652e-01 1.946010199832409471e-01
-5.863363494727878988e-01 -2.590866456869555523e-01 1.946688293465840824e-01
-5.853495824673075054e-01 -2.607658781958908656e-01 1.945602617269142909e-01
-5.846147743585139445e-01 -2.614526277312538283e-01 1.946317898967142024e-01
-5.835324613105530300e-01 -2.626453288624714388e-01 1.946277795963897994e-01
-5.830513931886026624e-01 -2.630368191845863235e-01 1.946542617734543512e-01
-5.821773625859157919e-01 -2.639460241151622144e-01 1.946330439425533188e-01
-5.811606418286923148e-01 -2.647860255493193482e-01 1.947056396257905164e-01
-5.797198140213725148e-01 -2.660411878616250059e-01 1.946267336515687951e-01
-5.787164588644146956e-01 -2.669352319489661785e-01 1.947117754535091783e-01
-5.776114003182147849e-01 -2.677685004869543306e-01 1.946352692394615058e-01
-5.768418185587264047e-01 -2.684620321102421103e-01 1.947189931447874389e-01
-5.756192458420195113e-01 -2.694053521467671408e-01 1.947054480805853471e-01
-5.737054848482122660e-01 -2.708594293818974985e-01 1.947105870395319238e-01
-5.725919187448840209e-01 -2.717115148068191544e-01 1.946894392554949227e-01
-5.712910756220576092e-01 -2.726512549009957875e-01 1.947445855721173791e-01
-5.704259058635374746e-01 -2.731079926412613434e-01 1.947003078746223081e-01
-5.687614698750094178e-01 -2.741244181175864769e-01 1.947202737587828969e-01
-5.671045838150954310e-01 -2.750121861077526320e-01 1.947329696582719150e-01
-5.655796658112965947e-01 -2.757856673681951531e-01 1.947603846363316626e-01
-5.650617335294892962e-01 -2.760684494621429841e-01 1.948192585932661813e-01
-5.633296686020656807e-01 -2.768715067259751583e-01 1.947945494529264299e-01
-5.615067554315431586e-01 -2.776481611896072788e-01 1.947467967222518692e-01
-5.597372467357677461e-01 -2.784317262168309326e-01 1.947661631750451094e-01
-5.583752213717035895e-01 -2.790971739864868129e-01 1.947961894591040966e-01
-5.574797307157917103e-01 -2.795201837953378843e-01 1.948543208591360654e-01
-5.557274710130407636e-01 -2.802816740488183189e-01 1.948312885442571030e-01
-5.547169803595666249e-01 -2.807080320441375232e-01 1.948475822909633837e-01
-5.533293028324237639e-01 -2.812228085979592840e-01 1.949316320029066962e-01
-5.527371138680015061e-01 -2.814188248273290505e-01 1.949427786644264415e-01
-5.514244538018914232e-01 -2.819020578539475630e-01 1.949498647821448494e-01
-5.509977939269661285e-01 -2.820036917547976141e-01 1.949859932638397242e-01
-5.495861515901897532e-01 -2.825341649346777562e-01 1.949303411361628102e-01
-5.481456262270547608e-01 -2.830309107336363428e-01 1.949288458475424979e-01
-5.471092189357211755e-01 -2.833831218900194626e-01 1.949129333217279603e-01
-5.460680736526996037e-01 -2.837945460860513691e-01 1.949969992585745271e-01
-5.449623817589679398e-01 -2.841826222174458905e-01 1.950004171808420450e-01
-5.433748101342429360e-01 -2.847898442752802572e-01 1.950164091496316976e-01
-5.430184298761442374e-01 -2.849209668231335035e-01 1.950250822802493955e-01
-5.414180922199001156e-01 -2.855443677081008214e-01 1.950679791035482280e-01
-5.394787849027119497e-01 -2.863712478132325878e-01 1.951045060498920181e-01
-5.377162670876919348e-01 -2.870794866895829967e-01 1.950445111808017384e-01
-5.371850702627702923e-01 -2.874015709408848096e-01 1.950967376683961085e-01
-5.357778331670435268e-01 -2.879457000990711668e-01 1.950757963069750800e-01
-5.354694909919830437e-01 -2.881561433469983502e-01 1.952069882586522087e-01
-5.339519502997536193e-01 -2.887221587065097461e-01 1.950960314403294427e-01
-5.332822229128644231e-01 -2.890455182262144929e-01 1.952467870258657312e-01
-5.318031255482876807e-01 -2.896133754274690109e-01 1.951560906395094219e-01
-5.315094652059040303e-01 -2.897851981461990745e-01 1.952600994244606536e-01
-5.301514330474224046e-01 -2.902770024114486591e-01 1.951782160212891526e-01
-5.292405227664470635e-01 -2.906717618804883219e-01 1.951709210095494695e-01
-5.285068627593962898e-01 -2.909749434722311290e-01 1.952054509996745402e-01
-5.277012586085900736e-01 -2.913378687153123647e-01 1.952341926427084151e-01
-5.264515704694610054e-01 -2.919042337220882910e-01 1.952332191883072721e-01
-5.250045044288089713e-01 -2.925486931577310767e-01 1.951956769930990876e-01
-5.247278220202463705e-01 -2.927333587587335750e-01 1.952808328483428002e-01
-5.233254613855914394e-01 -2.933286291238858534e-01 1.952415727771877330e-01
-5.217565598053495179e-01 -2.940572243410158326e-01 1.952245306940678105e-01
-5.206238572570301981e-01 -2.946249481206436593e-01 1.952237701902895251e-01
-5.196662034421334342e-01 -2.951487015701281247e-01 1.952604477699594887e-01
-5.188717103597997315e-01 -2.955388498604997194e-01 1.952910397531554265e-01
-5.181273360139347917e-01 -2.959558136701435083e-01 1.953139791871988939e-01
-5.168067692409782365e-01 -2.966405081408329814e-01 1.953326264408394575e-01
-5.161681564236045849e-01 -2.969881552104575717e-01 1.953551143991399397e-01
-5.146949469208437211e-01 -2.977264734747145924e-01 1.953347855195441962e-01
-5.145378999879312021e-01 -2.978418538694518891e-01 1.953955435125147855e-01
-5.134325358078828394e-01 -2.984093904713186474e-01 1.954027621258734027e-01
-5.124145258104793044e-01 -2.990283594946225865e-01 1.954489887011559845e-01
-5.112834496744702584e-01 -2.997329113220389973e-01 1.954765371287431330e-01
-5.098313993805350108e-01 -3.006056962523609988e-01 1.954836407169680268e-01
-5.095733980135674912e-01 -3.007796822377631907e-01 1.955018714723718853e-01
-5.082349701131809727e-01 -3.015909049318155621e-01 1.954915447678049756e-01
-5.071316214596937044e-01 -3.022743715856152646e-01 1.954978697353041972e-01
-5.060507235579906338e-01 -3.029225116236197723e-01 1.955114692162734646e-01
-5.052164687571391033e-01 -3.034584333177391957e-01 1.955316026559302811e-01
-5.041006190953688515e-01 -3.040771147940667385e-01 1.955003093880304799e-01
-5.030656321264562747e-01 -3.046929360901458606e-01 1.954183525605591443e-01
-5.023482594186728933e-01 -3.051150099546852679e-01 1.954855406333160517e-01
-5.011783528076935168e-01 -3.058659136995700023e-01 1.954728944100467547e-01
-5.002624256900292110e-01 -3.063984890921892523e-01 1.954996029101102040e-01
-4.994296932555146729e-01 -3.069371818899849225e-01 1.955078249480712849e-01
-4.982668830642580371e-01 -3.076461070993675162e-01 1.954945437436619304e-01
-4.974148783338537827e-01 -3.082015642889088247e-01 1.955538389648791842e-01
-4.961153291965867407e-01 -3.090192894570101823e-01 1.955482218487556989e-01
-4.949572187152985747e-01 -3.097062304082697226e-01 1.955491628473865207e-01
-4.942321705917034347e-01 -3.101707306053456126e-01 1.955999890630215621e-01
-4.933849571274507850e-01 -3.107084177295826866e-01 1.955788365460504330e-01
-4.926801887046733941e-01 -3.110850674379682101e-01 1.955545355652323347e-01
-4.911638315981374792e-01 -3.119492012895239141e-01 1.955082432407637405e-01
-4.900996886170230216e-01 -3.125740078303593239e-01 1.955122398985682519e-01
-4.891875653226102072e-01 -3.130129993344441530e-01 1.954836430513295642e-01
-4.878232967168617540e-01 -3.137068447120630044e-01 1.954745192660951314e-01
-4.872829597237020027e-01 -3.140518992434566670e-01 1.955066601783695401e-01
-4.863150276091827151e-01 -3.145320340359458178e-01 1.955032477546775338e-01
-4.849166850970765275e-01 -3.152994630282508481e-01 1.954845851971755144e-01
-4.842945292681385960e-01 -3.156567325051218842e-01 1.955265842578508273e-01
-4.829931544667349641e-01 -3.163984747204501846e-01 1.954908076720421883e-01
-4.820653200309666930e-01 -3.169801409198531594e-01 1.954952141858936898e-01
-4.812082744389495903e-01 -3.174519979931739733e-01 1.954601137330250482e-01
-4.798273366086014402e-01 -3.182743530888065830e-01 1.954510471837300756e-01
-4.789836078031644018e-01 -3.188706702453817377e-01 1.954540602744323508e-01
-4.784641363932455316e-01 -3.191628334274724810e-01 1.954502744679147697e-01
-4.774144208722331806e-01 -3.198506926915341553e-01 1.954454836756235325e-01
-4.771397270938257384e-01 -3.200185046912156772e-01 1.954711129758960053e-01
-4.763539867915408954e-01 -3.205785521776528535e-01 1.954393003414041097e-01
-4.756618216152842527e-01 -3.210091380469313194e-01 1.954563909667249577e-01
-4.744243017139258001e-01 -3.218329815289927009e-01 1.954087632339436831e-01
-4.744505863667990431e-01 -3.218193206579494370e-01 1.954410402397211144e-01
-4.733024975808227675e-01 -3.225825981890736993e-01 1.954184432894154888e-01
-4.732302605265481521e-01 -3.226464813601407911e-01 1.954509534278459360e-01
-4.726131379729260895e-01 -3.230972623049654380e-01 1.954423130867483371e-01
-4.720869565913574095e-01 -3.234310053271223229e-01 1.954236100345845828e-01
-4.713752569266631554e-01 -3.239699890004851812e-01 1.954593172569967785e-01
-4.708533406873524618e-01 -3.243131881787195692e-01 1.954263545763428034e-01
-4.698056442203740191e-01 -3.250835009775657203e-01 1.953962236269562447e-01
-4.696940180842436585e-01 -3.251586153057268724e-01 1.954291118767573499e-01
-4.686772149051585679e-01 -3.258689758455673990e-01 1.953366500909732018e-01
-4.675730842207804772e-01 -3.266754915943622106e-01 1.952640725543888789e-01
-4.674711962289964107e-01 -3.267948712913502640e-01 1.953135059505285986e-01
-4.664106951730427886e-01 -3.275585713131383137e-01 1.952480787010556218e-01
-4.656084949592205757e-01 -3.282401828057753823e-01 1.952909812227069386e-01
-4.652262392065678598e-01 -3.284588347541554376e-01 1.952304453918275451e-01
-4.646069285181871900e-01 -3.290784165586487231e-01 1.952901065601219399e-01
-4.637069986866389493e-01 -3.298821253868325365e-01 1.952547197803148893e-01
-4.633305454616055696e-01 -3.301179794440741722e-01 1.952468230457895526e-01
-4.624331925561949164e-01 -3.309073339012671422e-01 1.951534082015947413e-01
-4.617231248147120048e-01 -3.315374827702636806e-01 1.951551774218591717e-01
-4.610539952935995278e-01 -3.320431046414977216e-01 1.951206004076224132e-01
-4.601805499102217811e-01 -3.328406703747104900e-01 1.951111298149900419e-01
-4.596114533466097440e-01 -3.332696852504926088e-01 1.950619961980562256e-01
-4.589535626036972960e-01 -3.338524742605867290e-01 1.950372374593210834e-01
-4.585220458392892939e-01 -3.341946157635465320e-01 1.950099611801452693e-01
-4.576441195584139421e-01 -3.349830125391186630e-01 1.949568362905091945e-01
-4.569772286985759879e-01 -3.354843340001683605e-01 1.949228998876701702e-01
-4.560528619267388284e-01 -3.363216466838415131e-01 1.948438471761340662e-01
-4.557041529086313658e-01 -3.365480346725225891e-01 1.948946006126456854e-01
-4.547703346828200210e-01 -3.374531179843638928e-01 1.948451735745867219e-01
-4.542481771682748692e-01 -3.378079319084749121e-01 1.948419494390485340e-01
-4.535110349539185903e-01 -3.385153727802662216e-01 1.948334014218189025e-01
-4.532087478538383563e-01 -3.387873603303649950e-01 1.948040432737939698e-01
-4.523647292484772042e-01 -3.395062531585328336e-01 1.947680352752269306e-01
-4.517880454243439758e-01 -3.399663636525326882e-01 1.948000616887421710e-01
-4.508081743505554795e-01 -3.407457739050895329e-01 1.947237061196435692e-01
-4.502358336791849602e-01 -3.412072956683662728e-01 1.947411441639765317e-01
-4.494357287366113618e-01 -3.419048485171373719e-01 1.946589379544932663e-01
-4.488989884045953560e-01 -3.422821166216162281e-01 1.947370941185087301e-01
-4.479981738833941907e-01 -3.430467171909418744e-01 1.946781388543790681e-01
-4.474186148039207001e-01 -3.434103244478836636e-01 1.947214080261779334e-01
-4.466288186331598409e-01 -3.439679685255802033e-01 1.946633236329577687e-01
-4.463280995621995428e-01 -3.440977359989355611e-01 1.947280047502379374e-01
-4.365790173227046544e-01 -3.483735842697734397e-01 2.018330328239155980e-01
-4.322698556724082208e-01 -3.501661831714622530e-01 2.044303991560189881e-01
-4.278217273159171663e-01 -3.537294706017958812e-01 2.090639735475463001e-01
-4.271824036948233538e-01 -3.549349387095198094e-01 2.070810467879057037e-01
-4.290687757072275677e-01 -3.556026947711427022e-01 2.075376307901887485e-01
-4.304732638530737177e-01 -3.562068490874067406e-01 2.037742031789509800e-01
-4.327960800348100157e-01 -3.560549975642597342e-01 2.049618021007493518e-01
-4.312992987893592978e-01 -3.570236510243586792e-01 2.007819258593372957e-01
-4.325517459296798761e-01 -3.572769307883599810e-01 2.051505205796251841e-01
-4.314392392732633863e-01 -3.582158418513798348e-01 2.045776126367736258e-01
-4.313512068222747353e-01 -3.587940639130710041e-01 2.063782926058433387e-01
-4.308545206532138905e-01 -3.597472232955927773e-01 2.068397640630318945e-01
-4.290049716074830766e-01 -3.620194995773152180e-01 2.040108738877038363e-01
-4.290932853901454624e-01 -3.633749447456152692e-01 2.049156365677780867e-01
-4.278414142731880587e-01 -3.647007627927042472e-01 2.025752747493083927e-01
-4.279061341531544271e-01 -3.651837615083491917e-01 2.027405918393955231e-01
-4.278750029277489930e-01 -3.656774683651248248e-01 2.030708589002208908e-01
-4.278569740545013489e-01 -3.667865120086472586e-01 2.036101679298165656e-01
-4.281131111052370875e-01 -3.680185533664866449e-01 2.047231303460805008e-01
-4.278536311837621287e-01 -3.694475510011435149e-01 2.050658986647202198e-01
-4.277499416474827010e-01 -3.702885252466412980e-01 2.053315392716610344e-01
-4.273319571821237450e-01 -3.715153728586436666e-01 2.048338635081307646e-01
-4.273762423252522313e-01 -3.715589746630671431e-01 2.048047120977400104e-01
-4.267794788715288945e-01 -3.722847911888884642e-01 2.042972660939527396e-01
-4.271424393558383437e-01 -3.721396174570817950e-01 2.044581945297000714e-01
-4.271425548845020348e-01 -3.736093156734654475e-01 2.047311001088109872e-01
-4.266399479094815095e-01 -3.755478467059759073e-01 2.046453312214522868e-01
-4.260522876914097368e-01 -3.771289055993836126e-01 2.045047113707200992e-01
-4.254733793363435490e-01 -3.781257581535084067e-01 2.043630652319926577e-01
-4.252531574388342395e-01 -3.784668536409687145e-01 2.043880186532054943e-01
-4.253759000408608437e-01 -3.787534629448711110e-01 2.046043169449325572e-01
-4.253244171002151242e-01 -3.788536456551751530e-01 2.046444048776925040e-01
-4.255022872583454907e-01 -3.796771922138924560e-01 2.047310274612770542e-01
-4.254189406770298443e-01 -3.805791488801405498e-01 2.047080663030181047e-01
-4.247143294257365587e-01 -3.829644428527285704e-01 2.044076410463007976e-01
-4.247526087385514737e-01 -3.829223864179081560e-01 2.044780433382565044e-01
-4.244086205629228337e-01 -3.835475099956891509e-01 2.045314882572352444e-01
-4.243509911798941658e-01 -3.841649445081118386e-01 2.045590321448908233e-01
-4.235488978126355497e-01 -3.863366427480596776e-01 2.044581313778542353e-01
-4.236596887984038218e-01 -3.867636382596451594e-01 2.045177192068421135e-01
-4.228320447020760264e-01 -3.889606512599082522e-01 2.043355040069765316e-01
-4.228745967929470884e-01 -3.895316310038875462e-01 2.044170867695782046e-01
-4.223142647283248952e-01 -3.910032128182856503e-01 2.042594050859020405e-01
-4.229836095584817435e-01 -3.903054750995683664e-01 2.046788775226852652e-01
-4.228873461459992100e-01 -3.909236588056877459e-01 2.048137914481833743e-01
-4.227759916167894150e-01 -3.916150116640296219e-01 2.048519161729855098e-01
-4.222816574480394713e-01 -3.930995051767950388e-01 2.044450155933647262e-01
-4.218577949143784145e-01 -3.942845061928060280e-01 2.044063690569757064e-01
-4.210653696941695223e-01 -3.966594915714750647e-01 2.043665134853597798e-01
-4.210082626799498406e-01 -3.973316895099189283e-01 2.044960900604551601e-01
-4.203762279549819181e-01 -3.994534557106994010e-01 2.043538050262541650e-01
-4.202750032011400849e-01 -4.005233785019599035e-01 2.044124362420695340e-01
-4.204561157720019815e-01 -4.005840640240047046e-01 2.046850932175085791e-01
-4.203576584763255020e-01 -4.006692821381249714e-01 2.046863108470710901e-01
-4.200856198176800005e-01 -4.015281411223635688e-01 2.047272180440127543e-01
-4.200966600184544153e-01 -4.021650214673666568e-01 2.044930136134057719e-01
-4.195635769296073292e-01 -4.045195782715501065e-01 2.041857517767244057e-01
-4.192360920284491921e-01 -4.058997002143974742e-01 2.042259441670363496e-01
-4.186524440453284202e-01 -4.074757492500940548e-01 2.043882089026031745e-01
-4.186879655550134194e-01 -4.074833777420062142e-01 2.045880308705849693e-01
-4.182190252416651544e-01 -4.085937092652942582e-01 2.045926313169370014e-01
-4.185898687839317289e-01 -4.087455817167895966e-01 2.046984741241407169e-01
-4.183371254017574370e-01 -4.106092372607645369e-01 2.045745811655495794e-01
-4.184686412132016531e-01 -4.104693500952567575e-01 2.046455543055272219e-01
-4.180444808432636772e-01 -4.111845169720158011e-01 2.045915977056926571e-01
-4.167419588972640088e-01 -4.131817003150567991e-01 2.043462298668426713e-01
-4.171878567377170777e-01 -4.135701528995650578e-01 2.043555230511325815e-01
-4.154991350948834539e-01 -4.166211081632081870e-01 2.041338024757576308e-01
-4.172266861628579071e-01 -4.154127170394509849e-01 2.044390161858366251e-01
-4.147371642651107027e-01 -4.193297729656493833e-01 2.043115233717564538e-01
-4.185315929884141362e-01 -4.161897662862277802e-01 2.047310420822182064e-01
-4.159061426672863715e-01 -4.192003420390953417e-01 2.045083876519258048e-01
-4.163452523952308471e-01 -4.196039292620619143e-01 2.043880911811404022e-01
-4.150189516196192141e-01 -4.219008935745589550e-01 2.041535207586254452e-01
-4.157924620378802838e-01 -4.218443120851190220e-01 2.044049077068428311e-01
-4.150282575555875320e-01 -4.236138314248221737e-01 2.045632792063918071e-01
-4.154289734066721751e-01 -4.234332366420962557e-01 2.047257650662664963e-01
-4.139922987387070208e-01 -4.255922122491174742e-01 2.045785139522478813e-01
-4.138892750892008143e-01 -4.263612587462861647e-01 2.044023060898466082e-01
-4.142455870007952790e-01 -4.269764140976728406e-01 2.044216795327404579e-01
-4.140834761048267088e-01 -4.270925378997368904e-01 2.044143079351670167e-01
-4.135981244052389649e-01 -4.279927200059316372e-01 2.045415778535452644e-01
-4.135488385024184699e-01 -4.281797010983586782e-01 2.045534525117216063e-01
-4.133286297198481840e-01 -4.289944238686194122e-01 2.045728433595042084e-01
-4.135841750878199718e-01 -4.289751936738763760e-01 2.045832736744515878e-01
-4.130238829683504642e-01 -4.302134379486885485e-01 2.044632886589168586e-01
-4.130268812154934688e-01 -4.311854679485176423e-01 2.044528905356337023e-01
-4.128616194932608896e-01 -4.325101497339666756e-01 2.044280225529414574e-01
-4.126490088213337071e-01 -4.332467614014980373e-01 2.045146709863824852e-01
-4.124500378165519288e-01 -4.336902505217582471e-01 2.046695872337870037e-01
