0.0000 0.0000
0.0000 0.0000
0.0000 0.0000
0.0000 0.0000
0.0000 0.0000
0.0000 0.0000
0.0000 0.0000
0.0000 0.0000
0.0000 0.0000
0.0000 0.0000
0.0000 0.0000
0.0000 0.0000
0.0000 0.0000
0.0000 0.0000
0.0000 0.0000
0.0000 0.0000
0.0000 0.0000
0.0000 0.0000
0.0000 0.0000
0.0000 0.0000
0.0000 0.0000
0.0000 0.0000
0.0000 0.0000
0.0000 0.0000
0.0000 0.0000
0.0000 0.0000
0.0000 0.0000
0.0000 0.0000
0.0000 0.0000
0.0000 0.0000
0.0000 0.0000
0.0000 0.0000
0.0000 0.0000
0.0000 0.0000
0.0000 0.0000
0.0000 0.0000
0.0000 0.0000
0.0000 0.0000
0.0000 0.0000
0.0000 0.0000
0.0000 0.0000
0.0000 0.0000
0.0000 0.0000
0.0000 0.0000
0.0000 0.0000
0.0000 0.0000
0.0000 0.0000
0.0000 0.0000
0.0000 0.0000
0.0000 0.0000
0.0000 0.0000
0.0000 0.0000
0.0000 0.0000
0.0000 0.0000
0.0000 0.0000
0.0000 0.0000
0.0000 0.0000
0.0000 0.0000
0.0000 0.0000
0.0000 0.0000
0.0000 0.0000
0.0000 0.0000
0.0000 0.0000
0.0000 0.0000
0.0000 0.0000
0.0000 0.0000
0.0000 0.0000
0.0000 0.0000
0.0000 0.0000
0.0000 0.0000
0.0000 0.0000
0.0000 0.0000
0.0000 0.0000
1.1591 0.7196
1.8960 0.7769
2.5425 0.8252
3.8212 0.3771
3.9598 0.5690
3.5813 0.6559
3.4327 0.7676
3.4125 0.8243
3.4387 0.7918
3.4253 0.8565
3.4160 0.9136
3.4636 0.9515
3.5207 1.0759
3.6055 1.0761
3.4993 1.1480
3.5292 1.2770
3.5186 1.3799
3.4949 1.4897
3.5023 1.5636
3.4725 1.6967
3.4710 1.8311
3.5064 1.7266
3.4518 1.8764
3.2832 2.0940
3.2135 2.1318
3.1567 2.3020
3.0498 2.3836
2.7291 2.4300
2.4885 2.5984
2.5452 2.6824
2.4606 2.7271
2.4394 2.6668
2.3850 2.6979
2.3034 2.7124
2.2561 2.7247
2.0719 2.7729
2.1415 2.7548
2.0323 2.7817
1.9373 2.8070
1.9668 2.8673
1.9812 2.8205
1.9713 2.8497
1.9732 2.8458
1.9390 2.9386
1.9340 2.8908
1.8985 2.9465
1.8207 2.9469
1.7861 2.9355
1.6930 2.9370
1.5833 2.9876
1.5445 2.9741
1.5252 2.9467
1.5822 2.9751
1.5790 2.9789
1.5329 3.0100
1.4385 3.0682
1.3697 2.9877
1.1226 3.0652
1.1196 3.0360
1.1679 3.0493
1.0529 3.0510
1.0210 3.0906
1.0308 3.0972
0.9353 3.1503
0.8502 3.1577
0.8202 3.1553
0.6661 3.1000
0.5854 3.0452
0.4464 3.1332
0.3282 3.1856
0.2058 3.2244
0.0621 3.2400
-0.0318 3.2151
-0.2724 3.3944
-0.4274 3.6918
-0.5882 3.4971
-0.7339 3.5952
-0.8360 3.7498
-0.9151 4.0457
-1.0399 3.7755
-1.1608 3.9125
-1.2735 3.9643
-1.3158 4.0293
-1.3587 4.0750
-1.3732 4.0746
-1.3754 4.0716
-1.4580 4.1001
-1.4509 4.0706
-1.4339 4.0462
-1.4369 4.0725
-1.4613 4.0892
-1.4422 4.1167
-1.4545 4.0958
-1.4510 4.0914
-1.4523 4.0875
-1.4549 4.0869
-1.4549 4.0869
-1.4549 4.0869
-1.4453 4.0757
-1.3008 3.6973
-1.1402 3.2338
-1.0795 3.2920
0.0000 0.0000
0.0000 0.0000
0.0000 0.0000
0.0000 0.0000
0.0000 0.0000
0.0000 0.0000
0.0000 0.0000
0.0000 0.0000
0.0000 0.0000
0.0000 0.0000
0.0000 0.0000
0.0000 0.0000
0.0000 0.0000
0.0000 0.0000
0.0000 0.0000
0.0000 0.0000
0.0000 0.0000
0.0000 0.0000
0.0000 0.0000
0.0000 0.0000
0.0000 0.0000
0.0000 0.0000
0.0000 0.0000
0.0000 0.0000
0.0000 0.0000
0.0000 0.0000
0.0000 0.0000
0.0000 0.0000
0.0000 0.0000
0.0000 0.0000
0.0000 0.0000
0.0000 0.0000
0.0000 0.0000
0.0000 0.0000
0.0000 0.0000
0.0000 0.0000
0.0000 0.0000
0.0000 0.0000
0.0000 0.0000
0.0000 0.0000
0.0000 0.0000
0.0000 0.0000
0.0000 0.0000
0.0000 0.0000
0.0000 0.0000
0.0000 0.0000
0.0000 0.0000
0.0000 0.0000
0.0000 0.0000
0.0000 0.0000
0.0000 0.0000
0.0000 0.0000
0.0000 0.0000
0.0000 0.0000
0.0000 0.0000
0.0000 0.0000
0.0000 0.0000
0.0000 0.0000
0.0000 0.0000
0.0000 0.0000
0.0000 0.0000
0.0000 0.0000
0.0000 0.0000
0.0000 0.0000
0.0000 0.0000
0.0000 0.0000
0.0000 0.0000
0.0000 0.0000
0.0000 0.0000
0.0000 0.0000
0.0000 0.0000
0.0000 0.0000
0.0000 0.0000
0.0000 0.0000
0.0000 0.0000
0.2651 1.7162
0.5979 2.2229
0.8929 2.4509
0.9842 2.4439
1.2163 2.5300
1.4652 2.6023
1.7115 2.6995
2.0673 3.0009
2.2941 3.0070
2.5614 3.0558
2.4529 3.2951
2.3999 3.2719
2.6859 3.3957
2.6863 3.4553
2.8298 3.5234
2.8303 3.4538
2.8647 3.4530
2.8555 3.5092
2.8044 3.6037
2.8439 3.5276
2.8371 3.5394
2.7938 3.6445
2.8169 3.5955
2.8129 3.6154
2.8200 3.6497
2.8281 3.6704
2.8315 3.6705
2.8358 3.6716
2.8434 3.6728
2.8502 3.6730
2.8691 3.6930
2.8561 3.6723
2.8561 3.6723
2.8570 3.6733
2.8570 3.6733
2.8570 3.6733
2.8579 3.6742
2.8579 3.6742
2.8579 3.6742
2.8579 3.6742
2.8579 3.6742
2.8849 3.7011
2.8596 3.6761
2.8691 3.6898
2.8614 3.6779
2.8631 3.6798
2.8649 3.6817
2.9031 3.7107
2.8792 3.6830
2.8801 3.6839
2.9041 3.7058
2.9067 3.6956
2.9038 3.7010
2.9036 3.7092
2.9021 3.7155
2.9018 3.7235
2.9022 3.7236
2.9022 3.7236
2.9022 3.7236
2.9022 3.7236
2.9022 3.7236
2.9022 3.7236
2.9022 3.7236
2.9022 3.7236
2.9022 3.7236
2.9022 3.7236
2.9022 3.7236
2.9022 3.7236
2.9022 3.7236
2.9022 3.7236
2.9022 3.7236
2.9022 3.7236
2.9022 3.7236
2.9022 3.7236
2.9022 3.7236
2.9022 3.7236
2.9047 3.7228
2.9106 3.7221
2.9560 3.7388
2.9316 3.7199
2.9350 3.7200
2.9650 3.7472
3.0063 3.7004
2.9468 3.7184
2.9715 3.7088
2.9769 3.7284
3.0186 3.6990
2.9863 3.7112
2.9889 3.7103
2.9889 3.7103
2.9939 3.7086
2.9965 3.7078
2.9965 3.7078
2.9965 3.7078
2.9965 3.7078
2.9965 3.7078
2.9965 3.7078
2.9415 3.7190
2.8923 3.7519
2.9145 3.7173
2.7888 3.7280
2.5772 3.8063
2.3494 3.8199
2.3576 3.7706
2.0854 3.8256
1.8229 3.9670
1.5943 3.9682
1.4483 3.9972
1.3331 3.9848
1.2231 3.9939
0.9396 4.0616
0.7048 4.1315
0.5770 4.1360
0.4943 4.1879
0.4386 4.1157
0.3738 4.1484
0.1355 4.1513
-0.2367 4.2122
-0.4819 4.1680
-0.5835 4.1223
-0.9371 4.2081
-1.4332 4.2243
-1.6196 4.1958
-1.7004 4.1781
-1.7198 4.1767
-1.7333 4.1912
-1.7329 4.1926
-1.7379 4.1910
-1.9711 4.1765
-1.9286 4.2573
-1.9574 4.2047
-2.0207 4.2809
-1.9808 4.2605
-1.9597 4.2372
-1.8959 4.2280
-2.0353 4.2215
-1.9991 4.2355
-1.9652 4.3167
-1.7693 4.1922
-1.7995 4.2050
-1.8349 4.2087
-1.7533 4.1925
-1.7733 4.2105
-1.8001 4.2235
-1.8001 4.2235
-1.8484 4.1730
-1.8555 4.2939
-1.8301 4.2110
-1.8563 4.2744
-1.9277 4.3776
-2.0208 4.2274
-1.9720 4.1788
-2.0524 4.2443
-2.1833 4.2235
-2.1181 4.2173
-2.1170 4.2197
-2.2304 4.2171
-2.1343 4.2246
-2.1982 4.1684
-2.2316 4.1276
-2.2994 4.0617
-2.2915 4.0650
-2.3288 4.0236
-2.4693 3.8827
-3.1692 3.0542
-3.4248 2.8083
-3.4999 2.6638
-3.6829 2.5007
-3.5808 2.7499
-3.5478 2.6671
-3.6087 2.5682
-3.6580 2.5686
-3.8518 2.2203
-3.9941 1.9592
-4.0321 1.8354
-4.0675 1.8185
-4.0432 1.7339
-4.0094 1.7587
-4.0530 1.7681
-4.0506 1.7640
-4.0503 1.7603
-4.0462 1.7595
-4.0476 1.7525
-4.0490 1.7455
-4.0470 1.7451
-4.0471 1.7489
-4.0481 1.7723
-4.0434 1.9816
-4.0260 1.9851
-3.9592 1.8753
-4.0039 1.8960
-4.0042 1.8961
-3.9997 1.8951
-3.9269 1.8791
-3.9826 1.9662
-3.9296 1.9991
-3.8016 2.0365
-3.8458 2.0467
-3.8458 2.0467
-3.8457 2.0467
-3.8458 2.0467
-3.8457 2.0467
-3.8457 2.0467
-3.8458 2.0467
-3.8457 2.0467
-3.8619 2.0072
-3.8686 1.9941
-3.9164 1.8959
-3.9473 1.8340
-3.9169 1.8109
-3.9931 1.6005
-4.0014 1.5760
-3.9638 1.7180
-3.9619 1.6614
-4.0225 1.5979
-4.0294 1.5842
-3.9797 1.6829
-3.9822 1.6744
-3.9839 1.6711
-3.9839 1.6711
-3.9840 1.6744
-3.9745 1.7560
-3.9445 1.8220
-3.8818 1.8243
-3.8467 1.9427
-3.7233 2.0392
-3.7980 2.0967
-3.8158 2.0102
-3.7495 2.0013
-3.7255 2.0827
-3.6028 2.4201
-3.6386 2.2107
-3.5233 2.4456
-3.5696 2.2880
-3.5108 2.5325
-3.4948 2.5034
-3.4815 2.4428
-3.4238 2.5612
-3.4318 2.5415
-3.4241 2.6951
-3.2475 2.8128
-3.3044 2.7967
-3.2513 2.8886
-3.2949 2.8282
-3.2949 2.8282
-3.2423 2.9466
-3.2859 2.8595
-3.2824 2.8616
-3.2795 2.8677
-3.2725 2.9136
-3.2656 2.8932
-3.2430 2.9377
-3.2447 2.9121
-3.2414 2.9183
-3.1691 2.8974
-3.2239 2.9335
-3.1981 2.9539
-3.1322 3.0482
-3.1054 3.0506
-3.0107 3.0799
-3.1079 3.0260
-3.1057 3.0250
-3.1057 3.0250
-3.1036 3.0241
-3.1036 3.0240
-3.1015 3.0231
-3.1015 3.0231
-3.1015 3.0231
-3.1015 3.0231
-3.1015 3.0231
-3.0993 3.0218
-3.0972 3.0211
-3.0951 3.0201
-3.0951 3.0201
-3.0841 3.0089
-3.0908 3.0181
-3.0873 3.0201
-3.0830 3.0179
-3.0023 2.9852
-3.0553 3.0053
-2.9955 2.8605
-2.9985 2.8568
-2.9358 2.8412
-2.9607 2.7409
-2.9377 2.6726
-2.9324 2.6493
-2.9380 2.7085
-2.9380 2.7086
-2.9376 2.7053
-2.9306 2.6840
0.0000 0.0000
0.0000 0.0000
0.0000 0.0000
0.0000 0.0000
0.0000 0.0000
0.0000 0.0000
0.0000 0.0000
0.0000 0.0000
0.0000 0.0000
0.0000 0.0000
0.0000 0.0000
0.0000 0.0000
0.0000 0.0000
0.0000 0.0000
0.0000 0.0000
0.0000 0.0000
0.0000 0.0000
0.0000 0.0000
0.0000 0.0000
0.0000 0.0000
0.0000 0.0000
0.0000 0.0000
0.0000 0.0000
0.0000 0.0000
0.0000 0.0000
0.0000 0.0000
0.0000 0.0000
0.0000 0.0000
0.0000 0.0000
0.0000 0.0000
0.0000 0.0000
0.0000 0.0000
0.0000 0.0000
0.0000 0.0000
0.0000 0.0000
0.0000 0.0000
0.0000 0.0000
0.0000 0.0000
0.0000 0.0000
0.0000 0.0000
0.0000 0.0000
0.0000 0.0000
0.0000 0.0000
0.0000 0.0000
0.0000 0.0000
0.0000 0.0000
0.0000 0.0000
0.0000 0.0000
0.0000 0.0000
0.0000 0.0000
0.0000 0.0000
0.0000 0.0000
0.0000 0.0000
0.0000 0.0000
0.0000 0.0000
0.0000 0.0000
0.0000 0.0000
0.0000 0.0000
0.0000 0.0000
0.0000 0.0000
0.0000 0.0000
0.0000 0.0000
0.0000 0.0000
0.0000 0.0000
0.0000 0.0000
0.0000 0.0000
0.0000 0.0000
0.0000 0.0000
0.0000 0.0000
0.0000 0.0000
0.0000 0.0000
0.0000 0.0000
0.0000 0.0000
0.0000 0.0000
0.0000 0.0000
0.0000 0.0000
0.0000 0.0000
0.0000 0.0000
0.0000 0.0000
0.0000 0.0000
0.0000 0.0000
0.0000 0.0000
0.0000 0.0000
0.0000 0.0000
0.0000 0.0000
0.0000 0.0000
0.0000 0.0000
0.0000 0.0000
0.0000 0.0000
0.0000 0.0000
0.0000 0.0000
0.0000 0.0000
0.0000 0.0000
0.0000 0.0000
0.0000 0.0000
0.0000 0.0000
0.0000 0.0000
0.0000 0.0000
0.0000 0.0000
0.0000 0.0000
0.0000 0.0000
0.0000 0.0000
0.0000 0.0000
