0.0000 0.0000
0.0000 0.0000
0.0000 0.0000
0.0000 0.0000
0.0000 0.0000
0.0000 0.0000
0.0000 0.0000
0.0000 0.0000
0.0000 0.0000
0.0000 0.0000
0.0000 0.0000
0.0000 0.0000
0.0000 0.0000
0.0000 0.0000
0.0000 0.0000
0.0000 0.0000
0.0000 0.0000
0.0000 0.0000
0.0000 0.0000
0.0000 0.0000
0.0000 0.0000
0.0000 0.0000
0.0000 0.0000
0.0000 0.0000
0.0000 0.0000
0.0000 0.0000
0.0000 0.0000
0.0000 0.0000
0.0000 0.0000
0.0000 0.0000
0.0000 0.0000
0.0000 0.0000
0.0000 0.0000
0.0000 0.0000
0.0000 0.0000
0.0000 0.0000
0.0000 0.0000
0.0000 0.0000
0.0000 0.0000
0.0000 0.0000
0.0000 0.0000
0.0000 0.0000
0.0000 0.0000
0.0000 0.0000
0.0000 0.0000
0.0000 0.0000
0.0000 0.0000
0.0000 0.0000
0.0000 0.0000
0.0000 0.0000
0.0000 0.0000
0.0000 0.0000
0.0000 0.0000
0.0000 0.0000
0.0000 0.0000
0.0000 0.0000
0.0000 0.0000
0.0000 0.0000
0.0000 0.0000
0.0000 0.0000
0.0000 0.0000
0.0000 0.0000
0.0000 0.0000
0.0000 0.0000
0.0000 0.0000
0.0000 0.0000
0.0000 0.0000
0.0000 0.0000
0.0000 0.0000
0.0000 0.0000
0.0000 0.0000
3.1109 2.2267
3.0524 2.1019
3.3084 2.0985
3.3415 2.2264
3.4053 2.1804
3.6343 2.1481
3.6469 2.1400
3.5868 2.1708
3.5617 2.1394
3.5658 2.1442
3.6457 2.1294
3.6275 2.1895
3.6498 2.0947
3.6405 2.1577
3.6328 2.1612
3.6575 2.1065
3.6461 2.1633
3.6687 2.1922
3.6682 2.1803
3.6673 2.1792
3.6658 2.1827
3.6731 2.1898
3.6768 2.1948
3.6961 2.2013
3.7020 2.2004
3.7013 2.2012
3.7006 2.2058
3.6103 2.5247
3.5692 2.6288
3.4374 2.7352
3.4650 2.8582
3.3194 2.9922
3.1846 3.0058
2.8480 3.1532
2.7389 3.1382
2.4938 3.3082
2.3964 3.3507
2.2536 3.4485
2.0971 3.4776
1.7729 3.5694
1.6261 3.5913
1.4433 3.7329
1.2127 3.6925
1.0094 3.7111
0.9097 3.8113
0.8292 3.7827
0.7232 3.8551
0.6725 3.8955
0.6593 3.8430
0.6027 3.8430
0.4962 3.8430
0.3816 3.8486
0.2956 3.8216
0.1973 3.8162
0.0089 3.8171
-0.0970 3.8921
-0.2521 3.7769
-0.3701 3.7658
-0.5114 3.7454
-0.6138 3.7347
-0.7432 3.7418
-0.8906 3.6803
-0.9700 3.6689
-1.0561 3.6943
-1.2139 3.7016
-1.3403 3.6991
-1.3430 3.6963
-1.3996 3.6203
-1.3511 3.5957
-1.3935 3.5773
-1.3341 3.5245
-1.3132 3.4755
-1.2567 3.2744
-1.2133 3.3198
-1.1601 3.0193
0.0000 0.0000
0.0000 0.0000
0.0000 0.0000
0.0000 0.0000
0.0000 0.0000
0.0000 0.0000
0.0000 0.0000
0.0000 0.0000
0.0000 0.0000
0.0000 0.0000
0.0000 0.0000
0.0000 0.0000
0.0000 0.0000
0.0000 0.0000
0.0000 0.0000
0.0000 0.0000
0.0000 0.0000
0.0000 0.0000
0.0000 0.0000
0.0000 0.0000
0.0000 0.0000
0.0000 0.0000
0.0000 0.0000
0.0000 0.0000
0.0000 0.0000
0.0000 0.0000
0.0000 0.0000
0.0000 0.0000
0.0000 0.0000
0.0000 0.0000
0.0000 0.0000
0.0000 0.0000
0.0000 0.0000
0.0000 0.0000
0.0000 0.0000
0.0000 0.0000
0.0000 0.0000
0.0000 0.0000
0.0000 0.0000
0.0000 0.0000
0.0000 0.0000
0.0000 0.0000
0.0000 0.0000
0.0000 0.0000
0.0000 0.0000
0.0000 0.0000
0.0000 0.0000
0.0000 0.0000
0.0000 0.0000
0.0000 0.0000
0.0000 0.0000
0.0000 0.0000
0.0000 0.0000
0.0000 0.0000
0.0000 0.0000
0.0000 0.0000
0.0000 0.0000
0.0000 0.0000
0.0000 0.0000
0.0000 0.0000
0.0000 0.0000
0.0000 0.0000
0.0000 0.0000
0.0000 0.0000
0.0000 0.0000
0.0000 0.0000
0.0000 0.0000
0.0000 0.0000
0.0000 0.0000
0.0000 0.0000
0.0000 0.0000
0.0000 0.0000
0.0000 0.0000
0.0000 0.0000
0.0000 0.0000
0.0000 0.0000
0.0000 0.0000
0.0000 0.0000
0.0000 0.0000
0.0000 0.0000
0.0000 0.0000
0.0000 0.0000
0.0000 0.0000
0.0000 0.0000
0.0000 0.0000
0.0000 0.0000
0.0000 0.0000
0.0000 0.0000
0.0000 0.0000
0.0000 0.0000
-0.2488 1.8038
-0.1874 1.9946
-0.0850 2.2282
0.1127 2.1845
0.3303 2.4338
0.5015 2.5243
0.6942 2.7367
0.8332 2.6869
1.1337 2.8110
1.3946 2.9728
1.6756 3.0246
1.8316 3.1111
1.8739 3.2453
2.1253 3.3123
2.2356 3.5221
2.2426 3.5204
2.3440 3.5563
2.3487 3.5902
2.3275 3.6595
2.3766 3.5936
2.4656 3.5920
2.4732 3.8122
2.4198 3.7391
2.4236 3.7423
2.4268 3.7481
2.4382 3.7402
2.4889 3.8264
2.5522 3.7349
2.6107 3.7209
2.6384 3.7370
2.6003 3.7426
2.6138 3.7408
2.6200 3.7412
2.6179 3.7430
2.6160 3.7411
2.6151 3.7401
2.6142 3.7391
2.6142 3.7391
2.6142 3.7391
2.6142 3.7391
2.6142 3.7391
2.6142 3.7391
2.6142 3.7391
2.6142 3.7391
2.6142 3.7391
2.6142 3.7391
2.5918 3.7210
2.6108 3.7389
2.6083 3.7397
2.6083 3.7397
2.6083 3.7397
2.6083 3.7397
2.5352 3.7607
2.6034 3.7412
2.5960 3.7435
2.5887 3.7458
2.5887 3.7458
2.5802 3.7487
2.5617 3.7513
2.5554 3.7511
2.5473 3.7522
2.5450 3.7529
2.5450 3.7529
2.5450 3.7529
2.5450 3.7529
2.5450 3.7529
2.5450 3.7529
2.5450 3.7529
2.5450 3.7529
2.5450 3.7529
2.5450 3.7529
2.5450 3.7529
2.5450 3.7529
2.5450 3.7529
2.5450 3.7529
2.5450 3.7529
2.5450 3.7529
2.5450 3.7529
2.5450 3.7529
2.5450 3.7529
2.5450 3.7529
2.5450 3.7529
2.5450 3.7529
2.5450 3.7529
2.5450 3.7529
2.5450 3.7529
2.5450 3.7529
2.5450 3.7529
2.5450 3.7529
2.5450 3.7529
2.5450 3.7529
2.5450 3.7529
2.5450 3.7529
2.5450 3.7529
2.5450 3.7529
2.5450 3.7529
2.5450 3.7529
2.5450 3.7529
2.5450 3.7529
2.5450 3.7529
2.5450 3.7529
2.4535 3.7637
2.3761 3.7449
2.3556 3.7652
2.3178 3.7774
2.2117 3.7711
2.0407 3.8648
1.9134 3.8795
1.8163 3.8129
1.7467 3.9038
1.4048 3.9980
1.2174 3.9744
1.4054 3.9417
1.2656 3.9212
1.2266 3.9374
1.0415 4.0109
0.9473 4.0475
0.8497 4.0201
0.7501 4.0912
0.6300 4.0917
0.4282 4.0758
0.3623 4.0637
0.1240 4.1114
-0.3155 4.1712
-0.8361 4.1961
-1.0642 4.2891
-1.1814 4.2117
-1.1272 4.1257
-1.3313 4.1372
-1.4027 4.0768
-1.4773 4.1242
-1.6272 4.1650
-1.6663 4.1975
-1.6463 4.1570
-1.5952 4.1832
-1.5908 4.1818
-1.5908 4.1818
-1.5908 4.1818
-1.5921 4.1800
-1.5934 4.1783
-1.5987 4.1713
-1.6810 4.1968
-1.6414 4.1685
-1.6444 4.1768
-1.6482 4.1766
-1.6482 4.1766
-1.6648 4.2275
-1.6471 4.1792
-1.6471 4.1792
-1.6484 4.1774
-1.6484 4.1774
-1.6484 4.1774
-1.6484 4.1774
-1.6484 4.1774
-1.6484 4.1774
-1.6782 4.1497
-1.7260 4.1667
-1.6952 4.1384
-1.7605 4.0888
-2.0118 3.9979
-2.1819 3.9578
-2.3080 3.7462
-2.2920 3.7382
-2.4333 3.7342
-2.6775 3.4186
-2.8968 3.2741
-3.0606 3.0194
-3.1931 2.8347
-3.1545 3.0420
-3.1715 2.9186
-3.2969 2.8556
-3.3264 2.8112
-3.3076 2.8092
-3.3988 2.7072
-3.3899 2.7643
-3.4076 2.7981
-3.4600 2.6607
-3.3793 2.7224
-3.3437 2.5373
-3.3288 2.1819
-3.4484 2.3968
-3.4093 2.2726
-3.4163 1.9744
-3.4288 2.0440
-3.4381 2.1084
-3.4800 2.0858
-3.5512 2.1012
-3.4989 2.0841
-3.5378 2.0910
-3.5574 2.0965
-3.5125 1.8757
-3.3351 1.5868
-3.2714 1.7106
-3.2854 1.8083
-3.3792 1.7603
-3.3734 1.8037
-3.4218 1.8321
-3.4306 1.8862
-3.4071 1.8171
-3.4350 1.9093
-3.4407 1.9177
-3.4450 1.9357
-3.4294 1.8714
-3.4445 1.9345
-3.4649 2.0295
-3.4860 2.0870
-3.4826 2.0432
-3.4152 1.7489
-3.0279 1.6725
-2.9418 1.7444
-2.9532 1.7551
-3.0327 1.7701
-3.0327 1.7701
-3.0339 1.7750
-3.0488 1.8281
-3.0599 1.8740
-3.0824 1.9471
-3.1317 1.9312
-3.0973 1.8991
-3.0973 1.8991
-3.1168 1.9737
-3.1066 1.9281
-3.1120 1.9411
-3.0965 2.0431
-3.1035 1.9988
-3.1005 2.0015
-3.0996 2.0037
-3.0996 2.0037
-3.1013 2.0019
-3.1026 2.0073
-3.1625 2.1903
-3.2897 2.3525
-3.3366 2.3356
-3.2658 2.2695
-3.2658 2.2695
-3.2658 2.2695
-3.2658 2.2695
-3.2658 2.2695
-3.2658 2.2695
-3.2658 2.2695
-3.2658 2.2695
-3.2658 2.2695
-3.2658 2.2695
-3.2658 2.2695
-3.2658 2.2695
-3.2658 2.2695
-3.2658 2.2695
-3.2658 2.2695
-3.2658 2.2695
-3.2658 2.2695
-3.2447 2.1761
-3.2386 2.1500
-3.2321 2.1216
-3.2198 2.0744
-3.1876 1.9894
-3.1397 2.0118
-3.1202 2.0474
-3.0289 2.0404
-2.9819 2.0289
-2.9300 2.0100
-2.8920 2.0548
-2.7598 2.0019
-2.7577 1.9776
-2.7843 1.9978
-2.6399 2.0014
-2.6684 2.0500
-2.6612 1.9300
-2.6367 1.9959
-2.6091 2.0076
-2.5748 2.0372
-2.5187 1.9646
-2.5037 2.0139
-2.4517 1.9841
-2.4569 1.8841
-2.3919 1.9815
-2.4349 1.9364
-2.3754 1.9875
-2.3756 1.9748
-2.4108 1.9430
-2.3424 2.0114
-2.3810 1.9689
-2.4067 2.0489
-2.3937 1.9982
-2.4354 2.0437
-2.4438 2.0663
-2.4224 2.0579
-2.4595 2.1808
-2.5026 2.2051
-2.4863 2.2382
-2.4789 2.1841
-2.5295 2.1378
-2.4842 2.1818
-2.5317 2.2172
-2.5310 2.2808
-2.5130 2.2084
-2.5174 2.2102
-2.5314 2.2262
-2.6244 2.2831
-2.6492 2.2743
-2.6542 2.2401
-2.6183 2.3013
-2.6242 2.2927
-2.6284 2.2874
-2.6335 2.2829
-2.6366 2.2797
-2.6366 2.2797
-2.6858 2.2309
-2.6416 2.2683
-2.6373 2.2313
-2.6007 2.1337
-2.5655 2.0187
-2.4781 1.8368
-2.3324 1.7133
-2.3069 1.6716
0.0000 0.0000
0.0000 0.0000
0.0000 0.0000
0.0000 0.0000
0.0000 0.0000
0.0000 0.0000
0.0000 0.0000
0.0000 0.0000
0.0000 0.0000
0.0000 0.0000
0.0000 0.0000
0.0000 0.0000
0.0000 0.0000
0.0000 0.0000
0.0000 0.0000
0.0000 0.0000
0.0000 0.0000
0.0000 0.0000
0.0000 0.0000
0.0000 0.0000
0.0000 0.0000
0.0000 0.0000
0.0000 0.0000
0.0000 0.0000
0.0000 0.0000
0.0000 0.0000
0.0000 0.0000
0.0000 0.0000
0.0000 0.0000
0.0000 0.0000
0.0000 0.0000
0.0000 0.0000
0.0000 0.0000
0.0000 0.0000
0.0000 0.0000
0.0000 0.0000
0.0000 0.0000
0.0000 0.0000
0.0000 0.0000
0.0000 0.0000
0.0000 0.0000
0.0000 0.0000
0.0000 0.0000
0.0000 0.0000
0.0000 0.0000
0.0000 0.0000
0.0000 0.0000
0.0000 0.0000
0.0000 0.0000
0.0000 0.0000
0.0000 0.0000
0.0000 0.0000
0.0000 0.0000
0.0000 0.0000
0.0000 0.0000
0.0000 0.0000
0.0000 0.0000
0.0000 0.0000
0.0000 0.0000
0.0000 0.0000
0.0000 0.0000
0.0000 0.0000
0.0000 0.0000
0.0000 0.0000
0.0000 0.0000
0.0000 0.0000
0.0000 0.0000
0.0000 0.0000
0.0000 0.0000
0.0000 0.0000
0.0000 0.0000
0.0000 0.0000
0.0000 0.0000
0.0000 0.0000
0.0000 0.0000
0.0000 0.0000
0.0000 0.0000
0.0000 0.0000
0.0000 0.0000
0.0000 0.0000
0.0000 0.0000
0.0000 0.0000
0.0000 0.0000
0.0000 0.0000
0.0000 0.0000
0.0000 0.0000
0.0000 0.0000
0.0000 0.0000
0.0000 0.0000
0.0000 0.0000
0.0000 0.0000
0.0000 0.0000
0.0000 0.0000
