0.000000000000000000e+00 0.000000000000000000e+00 0.000000000000000000e+00
-4.601222474690854214e-01 1.148586059828671513e-01 2.045746791949362986e-01
-4.601222233180072840e-01 1.148585984534272603e-01 2.045747207043830396e-01
-4.601222532226433848e-01 1.148584685696011493e-01 2.045747394241514694e-01
-4.601366945685950727e-01 1.148267661027442127e-01 2.045654620465906237e-01
-4.602017060603528220e-01 1.147740108253832297e-01 2.045364464044633068e-01
-4.603957220225257663e-01 1.146950145774777302e-01 2.044814855549099419e-01
-4.607489028529046515e-01 1.145568112346140033e-01 2.045306598733198367e-01
-4.611012346031958531e-01 1.143411789105136661e-01 2.045936588231242748e-01
-4.614115580500150471e-01 1.142278266634084161e-01 2.046773329103031003e-01
-4.622077747246361445e-01 1.137361476597618382e-01 2.046163068453679401e-01
-4.622855598481941941e-01 1.137715918489874412e-01 2.047022853485835070e-01
-4.631920328317623015e-01 1.132500822304275540e-01 2.045240926403302517e-01
-4.634306247163316184e-01 1.131708699740087420e-01 2.046816455682934077e-01
-4.645814698457395586e-01 1.125156585607938603e-01 2.044241561276298191e-01
-4.655959395672993328e-01 1.123479337631510255e-01 2.045295294693735833e-01
-4.669173660465437137e-01 1.109725814329461518e-01 2.041897383270393496e-01
-4.677040050274389738e-01 1.109909332023487349e-01 2.044094890223248362e-01
-4.688613140097863674e-01 1.096827311739963229e-01 2.042496762665873544e-01
-4.703758425982434432e-01 1.094549249787988704e-01 2.044973968203826487e-01
-4.722917116234178758e-01 1.079196144836503529e-01 2.044251480738361049e-01
-4.740992249020309357e-01 1.077926045189588761e-01 2.047879683362455461e-01
-4.756183244386905651e-01 1.064840711676364599e-01 2.045694195908747126e-01
-4.770156105100448740e-01 1.061766980709739905e-01 2.046358227479936898e-01
-4.781002924640865848e-01 1.054947088998267613e-01 2.045077020455814409e-01
-4.797957758134133166e-01 1.045050181898664887e-01 2.046351536749126954e-01
-4.809756198843347930e-01 1.031912558184334139e-01 2.044593947416197544e-01
-4.819652869722661492e-01 1.025852815567011161e-01 2.044972638044004476e-01
-4.819999633216430213e-01 1.026962563795197625e-01 2.045979412739333814e-01
-4.842100011835598905e-01 1.013884098559522801e-01 2.045459555025505860e-01
-4.844037243488031885e-01 1.014295157891623722e-01 2.046687935589463214e-01
-4.863307914796203280e-01 1.004401873871766937e-01 2.045514102566886039e-01
-4.873578995657523727e-01 9.928664847726391407e-02 2.043925924864326837e-01
-4.880154870734110806e-01 1.000595247300390817e-01 2.048193103155988015e-01
-4.892694554530731543e-01 9.807269253590059077e-02 2.043354950811792081e-01
-4.901355602830350100e-01 9.765601320885046455e-02 2.044381761915474716e-01
-4.911717913703035343e-01 9.639606670931397114e-02 2.042185101747601150e-01
-4.925552561943439822e-01 9.636888988721967197e-02 2.045740883550991596e-01
-4.929319680757509592e-01 9.661255060205546641e-02 2.046565130414158273e-01
-4.939671052574003962e-01 9.546284416115463634e-02 2.045487089615984078e-01
-4.945225549290741540e-01 9.602063268488443548e-02 2.046602806748117620e-01
-4.950619888849701611e-01 9.569897395836007847e-02 2.047049133338841587e-01
-4.959686486450100018e-01 9.514041941532271063e-02 2.045000428943786752e-01
-4.965651693215457074e-01 9.424212606450974028e-02 2.045977876267822682e-01
-4.972730456772472829e-01 9.375419104965228290e-02 2.046125814509755780e-01
-4.981876893770864623e-01 9.293352184672803995e-02 2.046396809564025865e-01
-4.987291423993327477e-01 9.324391609029093753e-02 2.046229245663745977e-01
-4.995829709625151382e-01 9.277341403421959787e-02 2.045216180758420710e-01
-5.001330506992548441e-01 9.308030020598045962e-02 2.045580939565680711e-01
-5.007690940077114128e-01 9.203213418835352877e-02 2.043848811001344468e-01
-5.013335762286008634e-01 9.168643791362625362e-02 2.044424938783960810e-01
-5.021552600578943482e-01 9.125691901912116877e-02 2.044680061719629793e-01
-5.025638574574351480e-01 9.149021026275057367e-02 2.046803982750122486e-01
-5.036928813830114926e-01 9.127666030519829277e-02 2.047120289721006958e-01
-5.044618480945064487e-01 9.113604468569921901e-02 2.047391138926801246e-01
-5.053314369825512298e-01 9.073084602353674588e-02 2.045326335101103343e-01
-5.056698963940774449e-01 9.051694017183771479e-02 2.046227201880691793e-01
-5.065354719789431082e-01 9.000484519509575898e-02 2.043966775768026600e-01
-5.073547590281992647e-01 8.978007653018203749e-02 2.044506979407812730e-01
-5.082856038712195712e-01 8.894783249449458862e-02 2.042853219686824873e-01
-5.088398526549664513e-01 8.899603818455145698e-02 2.045465630598192752e-01
-5.094159523306951431e-01 8.884908137498354064e-02 2.046681165111405576e-01
-5.107476367219759839e-01 8.812086944450005233e-02 2.046655304103630890e-01
-5.112899099245480361e-01 8.786763890459035886e-02 2.046511298702207438e-01
-5.130656459397144875e-01 8.656844237543084852e-02 2.044212987579628049e-01
-5.137507630838247241e-01 8.648697642362805638e-02 2.045264896377017583e-01
-5.148017030124983906e-01 8.578584046502314708e-02 2.044479784352748186e-01
-5.156880377732074860e-01 8.564405188355644905e-02 2.044990761476349617e-01
-5.167079836825347883e-01 8.444619782875800729e-02 2.043734669988459818e-01
-5.183811572413860036e-01 8.356418467359931490e-02 2.045277601395735778e-01
-5.191603958667496688e-01 8.354829684683615088e-02 2.045628927046683476e-01
-5.200426611827252410e-01 8.343763045263299927e-02 2.045004344656979056e-01
-5.211493311824533237e-01 8.323064867891748209e-02 2.044371630251045069e-01
-5.219087082323847770e-01 8.330379184338243537e-02 2.044699090439316691e-01
-5.233193522722114910e-01 8.306137478044584022e-02 2.043735136295548871e-01
-5.240156544373899550e-01 8.305632339147693555e-02 2.043810082104160208e-01
-5.250344988755784037e-01 8.298671698794067575e-02 2.043601223824299540e-01
-5.258313306471343873e-01 8.292554125887394156e-02 2.043792708915712630e-01
-5.269544267041783581e-01 8.282455379060417455e-02 2.042783390793276865e-01
-5.273334266428914008e-01 8.272273242296673823e-02 2.043313445810191198e-01
-5.282096436943118922e-01 8.258977042735438090e-02 2.042493696963216809e-01
-5.291972123911019565e-01 8.249040808243614242e-02 2.042779312246827961e-01
-5.299036778502163036e-01 8.235574415519252012e-02 2.041996187201501056e-01
-5.306471403943484599e-01 8.225455179296083108e-02 2.042096979950695501e-01
-5.314419636699785343e-01 8.212427355327935052e-02 2.041105522160582275e-01
-5.314715100703046868e-01 8.210530447123293163e-02 2.041018186862098571e-01
-5.329630852874516211e-01 8.180417635982205338e-02 2.040229712807999085e-01
-5.337063318505730347e-01 8.175149840213699615e-02 2.040654377968312561e-01
-5.345247378116453341e-01 8.144879238479869887e-02 2.039263098537446306e-01
-5.361223124848406574e-01 8.102033544294116874e-02 2.038327014674881921e-01
-5.361555732168488131e-01 8.108450358616491049e-02 2.039043999993720990e-01
-5.373114179030249460e-01 8.024178912607456138e-02 2.037208801732264540e-01
-5.383689304172194490e-01 8.015388816901533597e-02 2.038350991143065838e-01
-5.391502115999325939e-01 7.969165495924877829e-02 2.036264479681875461e-01
-5.400613785918715326e-01 7.959327940240035204e-02 2.037528927278940694e-01
-5.405336289795387161e-01 7.904183732830864784e-02 2.035450750143034115e-01
-5.407713465302816935e-01 7.882821446255944275e-02 2.035126551876991763e-01
-5.420894302238510321e-01 7.808726061824147746e-02 2.035198003260265953e-01
-5.421611245541391177e-01 7.784731133566175076e-02 2.034828178802172705e-01
-5.434124593426939986e-01 7.663100121937976850e-02 2.033927608435381063e-01
-5.436350609930937772e-01 7.656243868333754976e-02 2.034614190018394497e-01
-5.447477481866751514e-01 7.537189107161743062e-02 2.033805574425690543e-01
-5.448038548750143706e-01 7.537994805737222026e-02 2.034705608847349190e-01
-5.453476917591150164e-01 7.466368735360286168e-02 2.034541953606177067e-01
-5.458702270024712311e-01 7.403753667126544702e-02 2.033142374098501071e-01
-5.461774541432646846e-01 7.328085755041177651e-02 2.034209732056375675e-01
-5.462403374504490872e-01 7.320689073649119805e-02 2.034709551469340572e-01
-5.467357003368849000e-01 7.218107946435631250e-02 2.033596681456341648e-01
-5.472053051026908310e-01 7.142948612529211039e-02 2.034982252682187021e-01
-5.475947769661214659e-01 7.056556288252641140e-02 2.034253541355939554e-01
-5.480728398698562209e-01 6.987974666004409530e-02 2.034705523906783775e-01
-5.483567692147778283e-01 6.900541487886042991e-02 2.034828041726533254e-01
-5.487386991877433173e-01 6.811034991761701074e-02 2.034284937728638998e-01
-5.491547303857655660e-01 6.686794810797379307e-02 2.033697602217022504e-01
-5.495273830010811711e-01 6.612559038614236606e-02 2.033852759185535430e-01
-5.498514504332158159e-01 6.524069160405455980e-02 2.033672402245993160e-01
-5.502001056188009498e-01 6.435353067748859901e-02 2.033302520562788596e-01
-5.505178719110189745e-01 6.362335133899620077e-02 2.033963625882292403e-01
-5.508639341020138414e-01 6.239930900170086170e-02 2.032667201941860957e-01
-5.513641518178584722e-01 6.115922469909801373e-02 2.033927903075704868e-01
-5.516537994414867363e-01 6.013814809002807071e-02 2.033128848465771688e-01
-5.518704972364796291e-01 6.001866374009590110e-02 2.034088987793161718e-01
-5.524552444946471130e-01 5.786083135673228406e-02 2.033356649789720694e-01
-5.525521534470412277e-01 5.810086568325259493e-02 2.034574466914493840e-01
-5.526976570722189619e-01 5.777947852893772912e-02 2.035054709620494617e-01
-5.533290484699999734e-01 5.580851557379679084e-02 2.034141851147028279e-01
-5.537513627840496833e-01 5.435790020005248913e-02 2.034250503280742861e-01
-5.541486618936157793e-01 5.345679292942327743e-02 2.034387643128994227e-01
-5.541805914100975672e-01 5.329262431388491483e-02 2.034554167845050443e-01
-5.546853930444042291e-01 5.146527360435815962e-02 2.033483159924475703e-01
-5.550041048917020436e-01 5.105328161863907643e-02 2.034653584115365954e-01
-5.554791700759066364e-01 4.947767584848881267e-02 2.033501217198916966e-01
-5.559370400172241045e-01 4.874450560947685834e-02 2.034874598405476132e-01
-5.564267126700594979e-01 4.712499829203526530e-02 2.033052333276373913e-01
-5.570762072447704716e-01 4.556816404110646673e-02 2.032695269882941191e-01
-5.577855787664869336e-01 4.413694081728984642e-02 2.033357734564638086e-01
-5.582368344365737922e-01 4.297726720102817283e-02 2.033396228689615393e-01
-5.588560693899002896e-01 4.169750140901726937e-02 2.032779252066527209e-01
-5.591905166940425165e-01 4.099380681997236847e-02 2.032797322287875907e-01
-5.595520666930744458e-01 4.016940307439115926e-02 2.032157377832303491e-01
-5.605298386117532061e-01 3.832770719768602286e-02 2.032040276265928147e-01
-5.605461138112202146e-01 3.826374004187211436e-02 2.032268454968919891e-01
-5.609947569078197471e-01 3.739426270543684538e-02 2.031931565571951925e-01
-5.613735483654883618e-01 3.638224493047233915e-02 2.031741907041539896e-01
-5.613806627769264423e-01 3.642688735447568299e-02 2.032236109422958514e-01
-5.620444665114880944e-01 3.467037085932118262e-02 2.031245213826869400e-01
-5.625218627651535908e-01 3.354430464533854350e-02 2.031040914135214259e-01
-5.626189719830546609e-01 3.306973790498120985e-02 2.030659799009084387e-01
-5.630785391234971460e-01 3.213102291298193525e-02 2.030670202674664249e-01
-5.634139595973759462e-01 3.118117545592039713e-02 2.031001585922993791e-01
-5.638367733444848984e-01 3.007842485428963153e-02 2.031075503886427824e-01
-5.639042841412286178e-01 2.984121227800186002e-02 2.030988177533030736e-01
-5.640971242365760974e-01 2.903009412078384407e-02 2.030638372565738703e-01
-5.643757876961735809e-01 2.809918149470747029e-02 2.030015978001147581e-01
-5.645798873444837218e-01 2.769958241971357676e-02 2.031258448879742218e-01
-5.647846002830230194e-01 2.660415682916517435e-02 2.029715115149381410e-01
-5.651081433932173548e-01 2.530612978331663043e-02 2.029782250104037178e-01
-5.651706585707567676e-01 2.519513540133476448e-02 2.029738323434028269e-01
-5.626359525878964485e-01 1.803305241717768209e-02 2.035411233867643332e-01
-5.587261800124265765e-01 1.012626680155049100e-02 2.041191601501947395e-01
-5.564359496376010128e-01 4.352517812910824783e-03 2.045820224576305746e-01
-5.524065889027373055e-01 -3.086432387896844917e-03 2.050735305110371332e-01
-5.538656366953760291e-01 -1.875402553365839884e-03 2.049874527726824047e-01
-5.534351090749580759e-01 -2.980090825919879706e-03 2.048896690085614536e-01
-5.550377439955949121e-01 -2.409020445219512622e-04 2.046326792035068898e-01
-5.550678707551796043e-01 -1.549909508327772375e-04 2.045645565305553026e-01
-5.553889371436891986e-01 8.051956295143619484e-04 2.044194290293021299e-01
-5.547205887417261394e-01 -1.318837994371034519e-03 2.044896736278047911e-01
-5.543801782667664435e-01 -2.027139237025073031e-03 2.044337976293504611e-01
-5.537658071204161203e-01 -3.835131007761845290e-03 2.045496215849728350e-01
-5.528994612283877341e-01 -5.983281307249484551e-03 2.045488884983198141e-01
-5.518609478599707518e-01 -8.874010533940338008e-03 2.046063027945819179e-01
-5.514960039612823994e-01 -1.007779945308352743e-02 2.045901143767222818e-01
-5.513198907989158570e-01 -1.062513066720561367e-02 2.046126806532303777e-01
-5.515281567152218178e-01 -1.007077865780431000e-02 2.045397045845330497e-01
-5.513500874773710203e-01 -1.044236593962088663e-02 2.045759521545901238e-01
-5.513832350329461729e-01 -1.038374429142335451e-02 2.045304834778396141e-01
-5.506856092187796259e-01 -1.215947835070573663e-02 2.046032703584944878e-01
-5.498879340745230770e-01 -1.465628279478478450e-02 2.045481826602752462e-01
-5.494181837642996280e-01 -1.579121843487973215e-02 2.045695937256833685e-01
-5.493106879419346056e-01 -1.606126927785295547e-02 2.045469713687359525e-01
-5.492665024991725264e-01 -1.608207697762327124e-02 2.046088147771131238e-01
-5.491290252959720730e-01 -1.671351254333631672e-02 2.045946259203323403e-01
-5.490223585500767500e-01 -1.693285338858519298e-02 2.046386098260231656e-01
-5.485497286297087438e-01 -1.867918642704411575e-02 2.045453543192812529e-01
-5.483455384025894830e-01 -1.914577106576156873e-02 2.046031728560026575e-01
-5.478309281967800315e-01 -2.133639888929495659e-02 2.045188302147732395e-01
-5.474231605717074789e-01 -2.270629798213090467e-02 2.045244319278462508e-01
-5.471156178381365587e-01 -2.397548468504657679e-02 2.045008793156043725e-01
-5.469163346405344628e-01 -2.463822355509310419e-02 2.045409293444483689e-01
-5.466993482068436272e-01 -2.515842919447739551e-02 2.045364779230297858e-01
-5.465131269092023958e-01 -2.585966559728453823e-02 2.045660481396431030e-01
-5.463711492071311460e-01 -2.670560933446282370e-02 2.045571969837610693e-01
-5.462082688711941136e-01 -2.766858484771865870e-02 2.046208664767081020e-01
-5.461436450354435479e-01 -2.820306440882789506e-02 2.045796971184429547e-01
-5.459398617354064287e-01 -2.897744379905203838e-02 2.045174515372514268e-01
-5.456144481778464339e-01 -3.059221792007136079e-02 2.044738552149196198e-01
-5.454460207258201576e-01 -3.119158435731771151e-02 2.044977633890825985e-01
-5.453579611346528466e-01 -3.213730443821707222e-02 2.045256275737750984e-01
-5.450878308132622863e-01 -3.387762260270582582e-02 2.045739589623978560e-01
-5.448061111879091145e-01 -3.555768675800188156e-02 2.046055795817232625e-01
-5.445519012898110134e-01 -3.651017326849236022e-02 2.046098633194966265e-01
-5.443495681120719132e-01 -3.719030459809058442e-02 2.045527808853791207e-01
-5.443178338015817186e-01 -3.725242388442461666e-02 2.045604216205862691e-01
-5.441991515739175167e-01 -3.781813996445965165e-02 2.045304329991164682e-01
-5.441355653670861825e-01 -3.842791951824395258e-02 2.045035027464794652e-01
-5.439069676960646138e-01 -3.984206135331123944e-02 2.044998795818989135e-01
-5.439086037325777667e-01 -3.998979879985990055e-02 2.045158471344806772e-01
-5.436784567453393224e-01 -4.170395097660219846e-02 2.045540869778781634e-01
-5.435009116720119771e-01 -4.232502996353114388e-02 2.045375203051856550e-01
-5.432917406365622703e-01 -4.381597254195764013e-02 2.045841252025003554e-01
-5.431470056218484777e-01 -4.377986671066058655e-02 2.045469963060534968e-01
-5.429521485220776267e-01 -4.529112816833075206e-02 2.044810033550633621e-01
-5.427415326091451497e-01 -4.584103363935527337e-02 2.044885773094903825e-01
-5.424882723858783784e-01 -4.754501135836788905e-02 2.044513328383798512e-01
-5.423665385715980003e-01 -4.773107960787405235e-02 2.045750755416089750e-01
-5.420396236113392829e-01 -4.989661111636964352e-02 2.044955304260538675e-01
-5.419790006261242521e-01 -5.042040380175027980e-02 2.044829073276480114e-01
-5.418104176696960650e-01 -5.137374636797722993e-02 2.044814751775083095e-01
-5.416196916868517564e-01 -5.156646805556735352e-02 2.045801564213143575e-01
-5.411557358997354239e-01 -5.282756777957319655e-02 2.046153453514717169e-01
-5.407807479063926337e-01 -5.456130737617877896e-02 2.046159153248778562e-01
-5.407827932173913110e-01 -5.521611061095080958e-02 2.046055848661847698e-01
-5.409116157704991767e-01 -5.525498243798507292e-02 2.046006588333126874e-01
-5.412260225091172217e-01 -5.604907101627079613e-02 2.045494026915234131e-01
-5.414249778737403318e-01 -5.659505735964366624e-02 2.045966148322687361e-01
-5.416777915046967484e-01 -5.709790034612562820e-02 2.045423229042485636e-01
-5.417677359308190610e-01 -5.769166764923770729e-02 2.045128404487496776e-01
-5.420949066835291097e-01 -5.848690573011763871e-02 2.044736076268161007e-01
-5.421992729996868432e-01 -5.895009722970999400e-02 2.045357923823755142e-01
-5.424268015560487211e-01 -6.013073729661452815e-02 2.044136360407484143e-01
-5.426771821847378163e-01 -6.067440704008732200e-02 2.044397695780648394e-01
-5.433899821373345818e-01 -6.241464623632835690e-02 2.044438552792924857e-01
-5.434300661064556115e-01 -6.273574606344048399e-02 2.043950254594298910e-01
-5.444030564338395717e-01 -6.440830745751070785e-02 2.044057461999205794e-01
-5.450504705564412911e-01 -6.576102820323145859e-02 2.043101225390969167e-01
-5.459508832931584399e-01 -6.780277761217197441e-02 2.042387943842846054e-01
-5.460228009313651265e-01 -6.782701200916188555e-02 2.042597652280160603e-01
-5.468192160388057887e-01 -6.966747140760914947e-02 2.040720472970264376e-01
-5.469665690086266130e-01 -6.988329507809735996e-02 2.041945642045585041e-01
-5.472889978137878142e-01 -7.071668708684403226e-02 2.041060125462840769e-01
-5.479737117348766340e-01 -7.199762488314538633e-02 2.040471643674212632e-01
-5.482457294769975675e-01 -7.275027722800085639e-02 2.040497821731457329e-01
-5.466950032982696994e-01 -7.573082115952076143e-02 2.041656064081706357e-01
-5.374047915174022805e-01 -8.608717884361129224e-02 2.046819902910054501e-01
-5.342820340895685360e-01 -8.936131328396497431e-02 2.048836129882785628e-01
-5.337004834090646188e-01 -9.300018992890739244e-02 2.047200281402517807e-01
-5.356904584529751379e-01 -9.132149485841926928e-02 2.046005360255313821e-01
-5.377188838626877354e-01 -9.286422271625439928e-02 2.043970057999376921e-01
-5.395305710735368576e-01 -9.071730586832683907e-02 2.043352650684948091e-01
-5.408671843516840161e-01 -9.082333959799097911e-02 2.042083973152145626e-01
-5.430548667539465413e-01 -9.284777286513065664e-02 2.042610674258476811e-01
-5.441443541563447672e-01 -9.606781442444120578e-02 2.043133186955432556e-01
-5.449190987879902748e-01 -1.005228288208727394e-01 2.041185177782146032e-01
-5.452390742566469717e-01 -1.018062473607239393e-01 2.041351365801218065e-01
-5.464863894758418272e-01 -1.044352275694202109e-01 2.040317083262118969e-01
-5.482932663236617099e-01 -1.062608453084635252e-01 2.041744728810839515e-01
-5.490673794716405265e-01 -1.067731686434618688e-01 2.041690876502078589e-01
-5.517815596002678680e-01 -1.079876714721527964e-01 2.045666752012377243e-01
-5.535597431172663008e-01 -1.096071745266670172e-01 2.045143663401505219e-01
-5.553849628103825209e-01 -1.127110460980813716e-01 2.042416323355864816e-01
-5.559155512724386350e-01 -1.129041455705617619e-01 2.043536210272272058e-01
-5.565961904392930926e-01 -1.149361418438148430e-01 2.041272248765106379e-01
-5.567556311769714661e-01 -1.142646285614214025e-01 2.045046945711226638e-01
-5.582486339283174726e-01 -1.158493850266260339e-01 2.046119959890142781e-01
-5.590036005093625970e-01 -1.168665983547611253e-01 2.045228078117596049e-01
-5.605293884698377971e-01 -1.179310097517791284e-01 2.044161554381616341e-01
-5.613756084856603712e-01 -1.213545588218571669e-01 2.041528524123500110e-01
-5.628809945774037038e-01 -1.226038944788277185e-01 2.040177604082061835e-01
-5.639113474095512890e-01 -1.229356799078063361e-01 2.041341136842269310e-01
-5.649183192871941595e-01 -1.261201474777315368e-01 2.040426013437608987e-01
-5.658387778738687146e-01 -1.269767112018440336e-01 2.043437157248412794e-01
-5.667879444494761110e-01 -1.271929738502411145e-01 2.045933236985468806e-01
-5.672447390995951633e-01 -1.297447898366135555e-01 2.045200374804164167e-01
-5.685071514453221564e-01 -1.324374711658536097e-01 2.043763440272661769e-01
-5.688820425897356259e-01 -1.348391802060313893e-01 2.041996131576460094e-01
-5.701907340912125699e-01 -1.354510653091644534e-01 2.042997378114969065e-01
-5.715106998068469890e-01 -1.369928703225906652e-01 2.043793633941814458e-01
-5.727782684006933467e-01 -1.385440280041048966e-01 2.043530892702870028e-01
-5.736486611881518316e-01 -1.419296197113603109e-01 2.042539598422400127e-01
-5.739350212250666772e-01 -1.430188880192957424e-01 2.040791484146250168e-01
-5.742275997341461657e-01 -1.449538586169642762e-01 2.043048559049634449e-01
-5.747159350393542532e-01 -1.448592275230045356e-01 2.043224684876001063e-01
-5.755101647585482150e-01 -1.472129943951299980e-01 2.046063553593057416e-01
-5.762195818048759799e-01 -1.475465733813062785e-01 2.044268722810463623e-01
-5.768055128914186813e-01 -1.496291625675781611e-01 2.044310476759563788e-01
-5.778816868593149580e-01 -1.499480500222619417e-01 2.042749760213419807e-01
-5.781171268267653041e-01 -1.514311206341542315e-01 2.043553784288262010e-01
-5.784028229415451028e-01 -1.538383739824008278e-01 2.043668958331463781e-01
-5.792704609158719764e-01 -1.557545491269364257e-01 2.042031958197492725e-01
-5.797362482539107909e-01 -1.558830153003108454e-01 2.044629846243943283e-01
-5.800424556437053791e-01 -1.583967815345044550e-01 2.041706872198869316e-01
-5.808703999000095486e-01 -1.585304560527778239e-01 2.045810251825285475e-01
-5.820234950287177522e-01 -1.576883896187367406e-01 2.047772111808586482e-01
-5.831544222605152816e-01 -1.609413208710316623e-01 2.046123483330355430e-01
-5.848553832299732136e-01 -1.606083731561255834e-01 2.045794951548496332e-01
-5.860028065098464856e-01 -1.636576500412943169e-01 2.043217835513618519e-01
-5.871619992861371040e-01 -1.653217225634976972e-01 2.040697267843283036e-01
-5.881272602764785473e-01 -1.694442885097460494e-01 2.039345652502894402e-01
-5.890733188036173518e-01 -1.703083497230146737e-01 2.042549771073738085e-01
-5.889338209761366683e-01 -1.727615792609535905e-01 2.042650858525287272e-01
-5.904666618509355480e-01 -1.709605142249693566e-01 2.048557874168184245e-01
-5.900622024563189072e-01 -1.741065953803863364e-01 2.044529344133202697e-01
-5.918036448149368578e-01 -1.726392831681063667e-01 2.046880687028369561e-01
-5.922658326844677523e-01 -1.732026376601334960e-01 2.044107735854247820e-01
-5.932342408018040913e-01 -1.759707298814384424e-01 2.044918228545263561e-01
-5.950768265447616834e-01 -1.749219577441892270e-01 2.042832646977784661e-01
-5.955574693938894271e-01 -1.817308543741104621e-01 2.041873171781742047e-01
-5.976312295450770806e-01 -1.802030310686515702e-01 2.039253505106737863e-01
-5.982774200360490013e-01 -1.801220721293721738e-01 2.039851597575100262e-01
-5.978592316513312577e-01 -1.843100666777064411e-01 2.040196111088578013e-01
-5.981919096025464233e-01 -1.858164719981188762e-01 2.040952057540636466e-01
-5.999787224175138212e-01 -1.899081004380837046e-01 2.040829961384119651e-01
-6.024210031873696858e-01 -1.899165002381669465e-01 2.043112872641297262e-01
-6.037396983648153359e-01 -1.910194150011003122e-01 2.043433685758989649e-01
-6.053002025518892104e-01 -1.916537302306362822e-01 2.042405981942704007e-01
-6.029024329073218169e-01 -1.915391998968302700e-01 2.043488182001406694e-01
-6.034591865015940249e-01 -1.933079447491829195e-01 2.041229951339670334e-01
-6.035886910923558002e-01 -1.923516371599782171e-01 2.041991083505548532e-01
-6.034686978537180391e-01 -1.932341127543207582e-01 2.041283427155435592e-01
-6.032411330844097419e-01 -1.940741817430584049e-01 2.041038637325026661e-01
-6.033784319723750622e-01 -1.937143084915651514e-01 2.041095992952987048e-01
-6.028700970222883315e-01 -1.954209554351885592e-01 2.040630443384186254e-01
-6.025124893073152688e-01 -1.967421048717780951e-01 2.040197268495244631e-01
-6.023876833948590415e-01 -1.972115287021956043e-01 2.040229201433540474e-01
-6.020437262681475055e-01 -1.984105813112923833e-01 2.039549057231094809e-01
-6.019459570892352618e-01 -1.987715040248312359e-01 2.039810594624297257e-01
-6.016522862737812005e-01 -1.998246375768441274e-01 2.038839256817410461e-01
-6.013986862172505665e-01 -2.009007193657614265e-01 2.038976302713109978e-01
-6.011240087325865344e-01 -2.018529160076825979e-01 2.038751654467749197e-01
-6.008002109752871300e-01 -2.032225859651111965e-01 2.038772264390644184e-01
-6.006310493583268961e-01 -2.038813414203022312e-01 2.038591757925132808e-01
-6.003600947619132100e-01 -2.051952837730480483e-01 2.038779122646720843e-01
-6.000961874920091033e-01 -2.062352835457389733e-01 2.037767529448975268e-01
-5.999444265164441958e-01 -2.070043674327252947e-01 2.037979192034933551e-01
-5.996844575677233724e-01 -2.079596378632625198e-01 2.037196196017752037e-01
-5.992547790384712414e-01 -2.096875038592690421e-01 2.036402728985967636e-01
-5.990586281646138600e-01 -2.107400867775174880e-01 2.036024196482893178e-01
-5.987521048445598737e-01 -2.123905321800423351e-01 2.035498444606791968e-01
-5.985539784840032684e-01 -2.132686123850989490e-01 2.035287820452006402e-01
-5.981835710849933152e-01 -2.152163082209968825e-01 2.033977639986255526e-01
-5.982582884256414379e-01 -2.152650485455825935e-01 2.034794162750143964e-01
-5.978819111309797707e-01 -2.172333693023006107e-01 2.033034646431412518e-01
-5.980943081338961909e-01 -2.173704450241630282e-01 2.034532574418921602e-01
-5.977334727396171887e-01 -2.193703295803392517e-01 2.032503054137022314e-01
-5.979569184233425316e-01 -2.196300422862916268e-01 2.034189901490123797e-01
-5.976211876133824541e-01 -2.210867880240607042e-01 2.032838453599810358e-01
-5.973242235673114076e-01 -2.233532514792076484e-01 2.032338560970120833e-01
-5.973523440633379256e-01 -2.243324363328318971e-01 2.032369425027617804e-01
-5.969674236816687740e-01 -2.269890409718677837e-01 2.030598878677958574e-01
-5.969713216026902858e-01 -2.281665115453999082e-01 2.031260262034961239e-01
-5.968077885127160975e-01 -2.296617612711552014e-01 2.030715860859042543e-01
-5.967357872737835134e-01 -2.307273928709595301e-01 2.030452656730676875e-01
-5.965329904621345936e-01 -2.322649437237294945e-01 2.030310801955394762e-01
-5.964488035533588306e-01 -2.333214098751991428e-01 2.029468093325947631e-01
-5.962256775066026027e-01 -2.343281374389425409e-01 2.029958161586144783e-01
-5.958810846773806569e-01 -2.368235807974745089e-01 2.028812000419019657e-01
-5.958189995517394477e-01 -2.379732161471636853e-01 2.029388522837984599e-01
-5.953710696118096335e-01 -2.405818330874514854e-01 2.028259994545923151e-01
-5.950428017244876466e-01 -2.430524501134607718e-01 2.027980804090838418e-01
-5.950551872914922047e-01 -2.430225404568714109e-01 2.028036288166079060e-01
-5.946621990483434983e-01 -2.443910090142731029e-01 2.027366508048816240e-01
-5.944787511733674590e-01 -2.455313935388361568e-01 2.026503280205652624e-01
-5.942888559540314697e-01 -2.466463088417588378e-01 2.026775346830678171e-01
-5.938618987867646526e-01 -2.484728263352212474e-01 2.025712952096673791e-01
-5.936304898115274398e-01 -2.501154746151414421e-01 2.025859136613517852e-01
-5.932375073588475045e-01 -2.519021736908610420e-01 2.024949559343326988e-01
-5.930344010734944771e-01 -2.533227947720885775e-01 2.025375842570640017e-01
-5.925648120789352991e-01 -2.552177732419068645e-01 2.024317961631516560e-01
-5.926276104780693332e-01 -2.561010985526765427e-01 2.024386419192568953e-01
-5.922664828182091501e-01 -2.573498733488909229e-01 2.022841970898167641e-01
-5.924980786425874113e-01 -2.581960639435822991e-01 2.023577885352152717e-01
-5.923160102166207253e-01 -2.602919948915778381e-01 2.022123358462885601e-01
-5.922291377789595801e-01 -2.621786151525922759e-01 2.021337694935748663e-01
-5.922691814847056424e-01 -2.631571452165924474e-01 2.021431819957280607e-01
-5.920659410534107048e-01 -2.653195438777931625e-01 2.019799814708948260e-01
-5.926905779517533945e-01 -2.695844300281420858e-01 2.021979752239144446e-01
-5.907219037404385364e-01 -2.903132815678506895e-01 2.021319759612457689e-01
-5.894463517760056837e-01 -3.033519422426735890e-01 2.021122958997259578e-01
-5.850526522637736759e-01 -3.183115289664728564e-01 2.017759286455191037e-01
-5.865331124201144108e-01 -3.201333534300753181e-01 2.030732583427025395e-01
-5.887228155682471264e-01 -3.179126045729762651e-01 2.042199805632604614e-01
-5.933964239369734495e-01 -3.079871544065005406e-01 2.057407075775525007e-01
-5.933163627585023026e-01 -3.068571704076772377e-01 2.061894876845044577e-01
-5.963633117527082916e-01 -3.005794235086907684e-01 2.062132401691811889e-01
-5.940247552463563396e-01 -3.062570396580753807e-01 2.049271256494575311e-01
-5.930851155733977143e-01 -3.100529166578925300e-01 2.041470840484113924e-01
-5.878243183258109461e-01 -3.216569372697781759e-01 2.030058404984499965e-01
-5.885240720733444508e-01 -3.221000865708591454e-01 2.034487004149534983e-01
-5.861223982034688973e-01 -3.263861071684427961e-01 2.036675580848988365e-01
-5.883278488451485488e-01 -3.226895884595460950e-01 2.045629263167814960e-01
-5.860400015655023997e-01 -3.265552531293319793e-01 2.045618441604759308e-01
-5.865279952505668692e-01 -3.258717250799935683e-01 2.049618993617774720e-01
-5.885239308399594638e-01 -3.228046470798492384e-01 2.051126280097095023e-01
-5.855264559134250035e-01 -3.287822588217079733e-01 2.047705868614502211e-01
-5.861701562348130556e-01 -3.281373083904199905e-01 2.046370102477230168e-01
-5.835303585633523360e-01 -3.333729043104060596e-01 2.041727093118663738e-01
-5.804864060570098516e-01 -3.387841982844870814e-01 2.039002068763789977e-01
-5.788923965286945084e-01 -3.413732729359894025e-01 2.039837725169971472e-01
-5.785888714226168350e-01 -3.410555786210772711e-01 2.045088011992000632e-01
-5.787791332515299647e-01 -3.403506334483381024e-01 2.046826280119396213e-01
-5.784999847290818176e-01 -3.391986051299344385e-01 2.051047977793965249e-01
-5.772705125390887870e-01 -3.394734525524299995e-01 2.049636711040196679e-01
-5.769374390296858612e-01 -3.397481287740987121e-01 2.049828013808246141e-01
-5.751901271493323753e-01 -3.416398312499353551e-01 2.044120681619203128e-01
-5.742540988973540150e-01 -3.426925431615699402e-01 2.044376860833085618e-01
-5.722722670481159568e-01 -3.443341912367747781e-01 2.040852331427853994e-01
-5.709908373959238226e-01 -3.440698578825885923e-01 2.045442490854217921e-01
-5.690830174796185359e-01 -3.444051273782564593e-01 2.044124038394596887e-01
-5.663992826025030514e-01 -3.434854680747951305e-01 2.045645648915698500e-01
-5.664592520627116379e-01 -3.436293118492606546e-01 2.045711365084466327e-01
-5.649951957825335436e-01 -3.419451115421580645e-01 2.048724562627631529e-01
-5.635858164675293658e-01 -3.409858922057886765e-01 2.049562838970544476e-01
-5.609211339061304091e-01 -3.406867377434487643e-01 2.047864602916077692e-01
-5.603128524296163704e-01 -3.407140480812827499e-01 2.047621955143879569e-01
-5.579585412493768271e-01 -3.398225280331508835e-01 2.047615376122461917e-01
-5.571290024162580679e-01 -3.397701918931371190e-01 2.046976324946574166e-01
-5.549917811652852473e-01 -3.382930944387049776e-01 2.047787202934718276e-01
-5.544421738278939582e-01 -3.381074926748590115e-01 2.046982015244630804e-01
-5.506620931124119878e-01 -3.348809777539739629e-01 2.048709938833298827e-01
-5.476704669805138037e-01 -3.323584892166758786e-01 2.050226897755644262e-01
-5.449075292994967068e-01 -3.304678332393770623e-01 2.050623234962875852e-01
-5.429910007933949068e-01 -3.291008021323239552e-01 2.048356539699665302e-01
-5.410307892273890085e-01 -3.275015586602771922e-01 2.045559408145637414e-01
-5.399600751860794690e-01 -3.270357727254189495e-01 2.043817541838429397e-01
-5.385936787778301538e-01 -3.244791154059696869e-01 2.046804684849249378e-01
-5.362600045172636332e-01 -3.242348851481334226e-01 2.048778843615994549e-01
-5.338341521989813376e-01 -3.211367622464244564e-01 2.051647206596501627e-01
-5.322303357083564279e-01 -3.210528764494995912e-01 2.050878401245244120e-01
-5.308045368237513939e-01 -3.162136092671299359e-01 2.052290219016514039e-01
-5.277171543718993663e-01 -3.164859227545071541e-01 2.050719657112705097e-01
-5.265465812040718285e-01 -3.145685548565572143e-01 2.052244112436881485e-01
-5.277884381221690235e-01 -3.105633633550811679e-01 2.052721832556185511e-01
-5.256264993412633757e-01 -3.088352438002868738e-01 2.050007941307659676e-01
-5.228879682287690400e-01 -3.060551160372666502e-01 2.054548974816083340e-01
-5.183484654446142148e-01 -3.029071299298967679e-01 2.051218813148583953e-01
-5.143119694708362388e-01 -3.011771388532524241e-01 2.056723072799276908e-01
-5.117230166957623672e-01 -2.999621593820221421e-01 2.051350594792772097e-01
-5.066363007476791802e-01 -2.949436135458207153e-01 2.044846263104070361e-01
-5.066471229945989085e-01 -2.949422537446302894e-01 2.044609375968663434e-01
-5.057514686169032325e-01 -2.931815475395917470e-01 2.046760839805904231e-01
-5.032875442443337510e-01 -2.915112739759013749e-01 2.049246180955097141e-01
-5.012635073641560357e-01 -2.875795207758240490e-01 2.051805007138017556e-01
-4.982222981768779091e-01 -2.835106448490412601e-01 2.055357958855350831e-01
-4.958135803336906622e-01 -2.807038521492826733e-01 2.053134503166726965e-01
-4.939616657931136245e-01 -2.795214185379455984e-01 2.052277367648725204e-01
-4.910585545531639950e-01 -2.776660906104972404e-01 2.045869512413494573e-01
-4.887735373402553596e-01 -2.763709309875610476e-01 2.046234033963029997e-01
-4.863606313733154773e-01 -2.740769034145049687e-01 2.045336497316304070e-01
-4.847519359771546577e-01 -2.715662198263403826e-01 2.048481125439891026e-01
-4.838902011122351299e-01 -2.708086518228068340e-01 2.048354135135371512e-01
-4.814360718999046163e-01 -2.687536010336729064e-01 2.047915563929053884e-01
-4.803603091565849526e-01 -2.686665300465809758e-01 2.046803828041181827e-01
-4.785403303727244206e-01 -2.657585063227737576e-01 2.047238220624389426e-01
-4.761357311978091644e-01 -2.661764236485119062e-01 2.047499974926346722e-01
-4.759278818251605481e-01 -2.643313520116656323e-01 2.048050233069836912e-01
-4.727238256991990184e-01 -2.647372143936673750e-01 2.048340196501360899e-01
-4.699086862408772824e-01 -2.621046472406456385e-01 2.047756425679366776e-01
-4.672235922528499286e-01 -2.588723922869884397e-01 2.048456283471942752e-01
-4.658979986877287982e-01 -2.578040604469969965e-01 2.047462342333536134e-01
-4.656047792145228681e-01 -2.589667248428944024e-01 2.044609639231597942e-01
-4.653021182004863920e-01 -2.602700994762985887e-01 2.042597562466653971e-01
-4.640894141955411167e-01 -2.610923695278159484e-01 2.043093807910976445e-01
-4.637357617217646166e-01 -2.609974795238819145e-01 2.044389013596007165e-01
-4.621450405938107853e-01 -2.607573074839985017e-01 2.046431930419383982e-01
-4.591010015823018264e-01 -2.598927748581139063e-01 2.049208674909778205e-01
-4.574454952373832595e-01 -2.596735551864598479e-01 2.047622715327807319e-01
-4.568588988248708516e-01 -2.607753414781419643e-01 2.043854847281795784e-01
-4.570189241129147262e-01 -2.613634694038112771e-01 2.043181760667034108e-01
-4.572003221639031612e-01 -2.623456512515949246e-01 2.041275201765783698e-01
-4.567507013195012400e-01 -2.629691083021883924e-01 2.044314051707835922e-01
-4.559886319005418409e-01 -2.639249301334600228e-01 2.043064377680615940e-01
-4.541373661193931488e-01 -2.658228320097492658e-01 2.045072662708465050e-01
-4.532553057199138480e-01 -2.666262792272195981e-01 2.046943719284153584e-01
-4.526857356568548263e-01 -2.674966884119554522e-01 2.048630651123992674e-01
-4.523831648356207991e-01 -2.684752385800613372e-01 2.047326267461688498e-01
-4.521553388922459615e-01 -2.698787974306430804e-01 2.046506663391462755e-01
-4.515535975961298965e-01 -2.715196841313453069e-01 2.043680982413335900e-01
-4.511190393859817460e-01 -2.735477669801182898e-01 2.042707636795989823e-01
-4.507626293475278656e-01 -2.747146050807921513e-01 2.043214583972862708e-01
-4.499001377404281410e-01 -2.770205154279549720e-01 2.042515927935621145e-01
-4.498256493722018745e-01 -2.777660728730513839e-01 2.044677189283221896e-01
-4.481471099954835169e-01 -2.824728834772331498e-01 2.043151099694667516e-01
-4.484389797902275099e-01 -2.837313383906552300e-01 2.045510399741013452e-01
-4.480805213897958161e-01 -2.855580712210096239e-01 2.045231529571080731e-01
-4.479992717744052944e-01 -2.865390889442647748e-01 2.046955765007872352e-01
-4.475729389676181280e-01 -2.871629255123736568e-01 2.045687565100309802e-01
-4.471365096131519890e-01 -2.878090653057540083e-01 2.045599733431366085e-01
-4.467255492807533090e-01 -2.883770973163449214e-01 2.044347029267893912e-01
-4.465927661529244252e-01 -2.891344070695558988e-01 2.044999967723873657e-01
-4.463947886873418924e-01 -2.899406370720041259e-01 2.044450447583601449e-01
-4.463905123221853510e-01 -2.910604795445308479e-01 2.045157318602297825e-01
-4.462062103148622394e-01 -2.916092342439874363e-01 2.045642580716988679e-01
-4.458569509880219162e-01 -2.930120128216360809e-01 2.044420203758761934e-01
-4.457293491944680497e-01 -2.941067628296810121e-01 2.045412202303035221e-01
-4.451975938133422850e-01 -2.957584999786891378e-01 2.044691498411242980e-01
-4.451658125127109789e-01 -2.962217985800152387e-01 2.046364171471789228e-01
-4.448850864863860277e-01 -2.975958865584909518e-01 2.047100960187661911e-01
-4.444169349263040747e-01 -2.993515062596862064e-01 2.044746888778919691e-01
-4.442914231057570329e-01 -2.999031674672942849e-01 2.044845043541254903e-01
-4.441852437879884041e-01 -3.005813786390841291e-01 2.046034140217155572e-01
-4.437543228682376273e-01 -3.015745610214242145e-01 2.045768671078833367e-01
-4.436552898192213101e-01 -3.022477755957904688e-01 2.045788373223130230e-01
-4.435007444431486867e-01 -3.036279817981834550e-01 2.045542720347907073e-01
-4.431719956048156828e-01 -3.053853991755920427e-01 2.044755187091710502e-01
-4.428171273586332113e-01 -3.064476716478051754e-01 2.044536792660713032e-01
-4.425661645711493342e-01 -3.069661242203513551e-01 2.045918492453237536e-01
-4.422915264206416786e-01 -3.073955444157515093e-01 2.046370773322775949e-01
-4.421195686027236671e-01 -3.083622647994866961e-01 2.045898242257156441e-01
-4.420085128593390089e-01 -3.097482299054190036e-01 2.044497852852094066e-01
-4.418647613436100241e-01 -3.106415551957195653e-01 2.044465428456374856e-01
-4.416070781438215520e-01 -3.115490532048516004e-01 2.044624367399041354e-01
-4.414799363230830220e-01 -3.118170414404243251e-01 2.045379547547998833e-01
-4.411482527838744838e-01 -3.130185959061910772e-01 2.046207383150532300e-01
-4.409423715618456807e-01 -3.137992781677940712e-01 2.045682661982635431e-01
-4.408148269597786939e-01 -3.146808624279764932e-01 2.045144217563365507e-01
-4.406260637914874434e-01 -3.156412475172432619e-01 2.044425736440935171e-01
-4.406050263482159668e-01 -3.158882124656725576e-01 2.044263662878647303e-01
-4.403367364142677931e-01 -3.169174573099960424e-01 2.044418272306384177e-01
-4.397832717726369856e-01 -3.188281713164298203e-01 2.044428145533085384e-01
-4.397985131475598553e-01 -3.188619349454056007e-01 2.045462336956596905e-01
-4.393364664216853344e-01 -3.204885830432283034e-01 2.044614339851099638e-01
-4.396569484677704254e-01 -3.198700786641975324e-01 2.046759873549651165e-01
-4.388166481531592389e-01 -3.217770330786258737e-01 2.043704424838264921e-01
-4.393273883940962410e-01 -3.213424377640445861e-01 2.046263453181842162e-01
-4.387854115867490523e-01 -3.225596411715852541e-01 2.045793546105477423e-01
-4.379021973306824189e-01 -3.243063820178919698e-01 2.045626203193148529e-01
-4.388230143854417453e-01 -3.242182671442129238e-01 2.045447381627575334e-01
-4.388259176543084505e-01 -3.255916315800913563e-01 2.045806917381619572e-01
-4.388194024053801434e-01 -3.266285551627632344e-01 2.044289654720265748e-01
-4.380515248874566892e-01 -3.281923866034925363e-01 2.043898179742715537e-01
-4.376341530956442960e-01 -3.295028127997717271e-01 2.043182483852760412e-01
-4.373204824189992346e-01 -3.301807410403032605e-01 2.043722646412285127e-01
-4.365449240520996588e-01 -3.316632769101929279e-01 2.043635727006358205e-01
-4.362211556535049439e-01 -3.329343877124248396e-01 2.045039958703917526e-01
-4.359314687935698651e-01 -3.339102750530729691e-01 2.045230904205395661e-01
-4.360526761157994535e-01 -3.345913691520255306e-01 2.046351730642942679e-01
-4.360318821751583140e-01 -3.360049365109672448e-01 2.046706505889255290e-01
-4.356598133495283576e-01 -3.375698609555009555e-01 2.044915464153429507e-01
-4.350955330170953594e-01 -3.386905271325729161e-01 2.043735532819435374e-01
-4.349570182473774249e-01 -3.389186778742758754e-01 2.045425895178181463e-01
-4.346788563386732029e-01 -3.394966134565858273e-01 2.047211199816165450e-01
-4.344547992461594288e-01 -3.408081580118964560e-01 2.046211410954855425e-01
-4.342859814716669153e-01 -3.425668877795916001e-01 2.044241456831413506e-01
-4.341063401488274298e-01 -3.439571164748654875e-01 2.043843723271031587e-01
-4.339923695330333286e-01 -3.439469360981487478e-01 2.044635444132114066e-01
-4.339655570773209292e-01 -3.439154872595061585e-01 2.045831690399746716e-01
-4.336746642001571561e-01 -3.444880004274599172e-01 2.046472639448900233e-01
-4.334550436317183286e-01 -3.449436696708498284e-01 2.046603974018028071e-01
-4.328652704777580240e-01 -3.469591322476245909e-01 2.044532395836913541e-01
-4.331121665131122955e-01 -3.468318796631833512e-01 2.045738973078555512e-01
-4.329037778215056864e-01 -3.477829018736875444e-01 2.045328804171757664e-01
-4.326900044810993440e-01 -3.494253593565588845e-01 2.045148308652056934e-01
-4.318387223585988810e-01 -3.518781567505899766e-01 2.043368636013908057e-01
-4.311478641997847916e-01 -3.538003991047378727e-01 2.042873469430840361e-01
-4.310109506958309522e-01 -3.543342254883522502e-01 2.044987909774485801e-01
-4.313716878878239847e-01 -3.539893861236156902e-01 2.048136596348219540e-01
-4.315009827253381558e-01 -3.541197445078930195e-01 2.048760637743237412e-01
-4.314111718632970272e-01 -3.548541170271418133e-01 2.047415965500779533e-01
-4.308304627295845290e-01 -3.569739181978577314e-01 2.043734805986038017e-01
-4.308739438570475255e-01 -3.570466400690906483e-01 2.043502143659753634e-01
-4.298248627229920849e-01 -3.589247136968566343e-01 2.043558288196140604e-01
-4.288550681582665169e-01 -3.612416099606836628e-01 2.043802105394401936e-01
-4.288850656627054558e-01 -3.624428976105038003e-01 2.045303118539288922e-01
-4.296221957098660393e-01 -3.624685197170771089e-01 2.047278932874641022e-01
-4.301439575951522265e-01 -3.623162796928655616e-01 2.048137355566164164e-01
-4.300792116281383359e-01 -3.623982584157518505e-01 2.048082453536670955e-01
-4.288998356216224273e-01 -3.643102986438657709e-01 2.044279105829304721e-01
-4.290331697816526790e-01 -3.643035355503805861e-01 2.045258517294821221e-01
-4.276186168689659062e-01 -3.669499253128287175e-01 2.041419962778557307e-01
-4.281950014731423781e-01 -3.673225175857637304e-01 2.044033889333917720e-01
-4.279450333794892480e-01 -3.686006534219490316e-01 2.045435677804645636e-01
-4.286303097434030485e-01 -3.682973474887065168e-01 2.048469145635726796e-01
-4.275089538765962649e-01 -3.701250616564217832e-01 2.045243548556205937e-01
-4.284842392040602022e-01 -3.695936986706441774e-01 2.046882935116562663e-01
-4.262368009891475684e-01 -3.725099399388928090e-01 2.045258015699018550e-01
-4.283040558767268746e-01 -3.705686180441515321e-01 2.045237175887367476e-01
-4.250273654615773222e-01 -3.745735104941912419e-01 2.043920540333591385e-01
-4.254718777200610647e-01 -3.748931332200883815e-01 2.043695471144423570e-01
-4.236541864950211234e-01 -3.776072829415421106e-01 2.043697864673635900e-01
-4.259872942743020974e-01 -3.755415817420202917e-01 2.045178636676792949e-01
-4.255982068777200422e-01 -3.763954700156573741e-01 2.044037014232199523e-01
-4.245127342893823541e-01 -3.780645720985558733e-01 2.046174190119313119e-01
-4.279811721191903451e-01 -3.747473997645213717e-01 2.046574132774482691e-01
-4.248687168454444718e-01 -3.793084408516704809e-01 2.046446368150687256e-01
-4.265991976478484826e-01 -3.780438241540951538e-01 2.045225984658688434e-01
-4.264992818371631800e-01 -3.792454713275832390e-01 2.043783047010975240e-01
-4.265596571253262859e-01 -3.800344552733187498e-01 2.043771743725337486e-01
-4.249071179871456994e-01 -3.828227020899893085e-01 2.042572957970310576e-01
-4.246530110825721405e-01 -3.841164385362110245e-01 2.044598927683725642e-01
-4.235745738426945906e-01 -3.862660627796850599e-01 2.046872606596004951e-01
-4.230753439459179477e-01 -3.873012445784073110e-01 2.046634032199790287e-01
-4.230566812381993391e-01 -3.879272234731372948e-01 2.045933203980696558e-01
-4.231422113415853059e-01 -3.878908021774077342e-01 2.045355940749450929e-01
-4.232295850229266798e-01 -3.887920790727188436e-01 2.044271941514309576e-01
-4.231179110920619824e-01 -3.889988783504487180e-01 2.044393239980660248e-01
-4.225233365210265823e-01 -3.909662283159506257e-01 2.044203303694440699e-01
-4.226173941340934381e-01 -3.909273949211454213e-01 2.045102990165688084e-01
-4.220710290429218192e-01 -3.933279393004726621e-01 2.043044837288638671e-01
-4.224760830138017398e-01 -3.927118208167373892e-01 2.046631953574507279e-01
-4.217852031752026831e-01 -3.942777412183847696e-01 2.047210582406069901e-01
-4.219269841361812379e-01 -3.946357666607156478e-01 2.048651857463626991e-01
-4.206350233910077785e-01 -3.970951166378223207e-01 2.044749023506581276e-01
-4.212832482786491584e-01 -3.974749862876621465e-01 2.043820549484072768e-01
-4.195226480456754614e-01 -4.002721378638095517e-01 2.041755028824475404e-01
-4.210203124324998769e-01 -3.995598581380741532e-01 2.043267548226990193e-01
-4.189276515337148066e-01 -4.021438020613671283e-01 2.043818175819835381e-01
-4.200614930534993241e-01 -4.013959276877288596e-01 2.045160939075792716e-01
-4.180474090089202344e-01 -4.041752354833839100e-01 2.045855841272406772e-01
-4.205888104281629847e-01 -4.022109953855786957e-01 2.045961557305788214e-01
-4.195761050741703690e-01 -4.037652388739805809e-01 2.044964401363405238e-01
-4.177704837326296494e-01 -4.070410445140633660e-01 2.043726646743609099e-01
-4.178402787088664749e-01 -4.081970718181368030e-01 2.041620020756511888e-01
-4.179247548301085469e-01 -4.095356652173970935e-01 2.042822680371985111e-01
-4.181768042280483710e-01 -4.102215371789734166e-01 2.044731388583404808e-01
-4.183259036762086436e-01 -4.109001940135033060e-01 2.047221063942709918e-01
-4.178127885486316861e-01 -4.121483200362515142e-01 2.046741356167300074e-01
-4.169808752982775424e-01 -4.138897153741630253e-01 2.044520681067955314e-01
-4.168578035415393401e-01 -4.141411431335864091e-01 2.044517601983708022e-01
-4.164355482298657263e-01 -4.153729290024927301e-01 2.042871754903691495e-01
-4.169039008470777352e-01 -4.149339813686976908e-01 2.045574803325208024e-01
-4.169760436858762631e-01 -4.162102493866142172e-01 2.047114255720871301e-01
-4.163950791139409136e-01 -4.186013340326421028e-01 2.045711972743975149e-01
-4.159622220399614712e-01 -4.196863959106614250e-01 2.045408904470512046e-01
-4.155020715496342554e-01 -4.205937538706974177e-01 2.045160962518380587e-01
-4.150156838960610828e-01 -4.212353037147471002e-01 2.044852491741704914e-01
-4.149586821155180072e-01 -4.218882547392113769e-01 2.045261304311673523e-01
-4.149137930024161536e-01 -4.227366486509187005e-01 2.044686839560954650e-01
-4.149362635811120747e-01 -4.239142550080738370e-01 2.044894922377886448e-01
-4.147049578191114860e-01 -4.246396718325196051e-01 2.045455438499791112e-01
-4.143918851601936515e-01 -4.254989861213859803e-01 2.046159647837401396e-01
-4.139275825593033420e-01 -4.264358233189050607e-01 2.045698762249744951e-01
-4.138081137855419422e-01 -4.271706984641727711e-01 2.045575129329266495e-01
-4.138195552666869004e-01 -4.277985023278176313e-01 2.045445992424355097e-01
-4.138399860505248551e-01 -4.284999616266823019e-01 2.045505097794001748e-01
-4.136844200633781887e-01 -4.288053697383298890e-01 2.045654059864502883e-01
-4.134238979540509895e-01 -4.291621756381089892e-01 2.045748491102688527e-01
-4.132355408592123802e-01 -4.295943187796480989e-01 2.045826537786633037e-01
-4.131322748814855172e-01 -4.305248612806885644e-01 2.044891818665787731e-01
-4.129727472914361264e-01 -4.317234430974099535e-01 2.044031366007395822e-01
-4.128683086266314306e-01 -4.322046308609910348e-01 2.044490629927416536e-01
-4.127394125976802108e-01 -4.327016731068647482e-01 2.045573281921006792e-01
-4.122870457724199245e-01 -4.335063206637610467e-01 2.046536068991728075e-01
