0.0000 0.0000
0.0000 0.0000
0.0000 0.0000
0.0000 0.0000
0.0000 0.0000
0.0000 0.0000
0.0000 0.0000
0.0000 0.0000
0.0000 0.0000
0.0000 0.0000
0.0000 0.0000
0.0000 0.0000
0.0000 0.0000
0.0000 0.0000
0.0000 0.0000
0.0000 0.0000
0.0000 0.0000
0.0000 0.0000
0.0000 0.0000
0.0000 0.0000
0.0000 0.0000
0.0000 0.0000
0.0000 0.0000
0.0000 0.0000
0.0000 0.0000
0.0000 0.0000
0.0000 0.0000
0.0000 0.0000
0.0000 0.0000
0.0000 0.0000
0.0000 0.0000
0.0000 0.0000
0.0000 0.0000
0.0000 0.0000
0.0000 0.0000
0.0000 0.0000
0.0000 0.0000
0.0000 0.0000
0.0000 0.0000
0.0000 0.0000
0.0000 0.0000
0.0000 0.0000
0.0000 0.0000
0.0000 0.0000
0.0000 0.0000
0.0000 0.0000
0.0000 0.0000
0.0000 0.0000
0.0000 0.0000
0.0000 0.0000
0.0000 0.0000
0.0000 0.0000
0.0000 0.0000
0.0000 0.0000
0.0000 0.0000
0.0000 0.0000
0.0000 0.0000
0.0000 0.0000
0.0000 0.0000
0.0000 0.0000
0.0000 0.0000
0.0000 0.0000
0.0000 0.0000
0.0000 0.0000
1.9170 1.0964
2.1339 1.1578
2.0704 1.2002
2.1451 1.3884
2.1199 1.4243
2.2540 1.4627
2.1964 1.4412
2.3188 1.4550
2.3386 1.4183
2.3844 1.4997
2.3739 1.5117
2.3591 1.4931
2.3740 1.5229
2.3770 1.5329
2.4341 1.5971
2.4409 1.6072
2.4352 1.6011
2.4468 1.6140
2.4523 1.6202
2.4944 1.6687
2.4691 1.6392
2.4746 1.6454
2.4867 1.6576
2.5151 1.6929
2.4890 1.6617
2.4934 1.6667
2.4990 1.6730
2.5060 1.6808
2.5177 1.6926
2.5156 1.6917
2.5388 1.7185
2.5212 1.7035
2.5305 1.7127
2.5271 1.7105
2.5304 1.7142
2.5628 1.7515
2.5615 1.7473
2.5571 1.7446
2.5576 1.7479
2.5444 1.8201
2.5259 1.8843
2.5396 1.8404
2.5325 1.8581
2.5325 1.8606
2.5097 1.9456
2.5150 1.9210
2.5098 1.9408
2.4817 2.0401
2.4782 2.0433
2.4500 2.1402
2.4495 2.1390
2.4564 2.1225
2.4325 2.2034
2.4296 2.1754
2.4054 2.1998
2.2899 2.2294
2.2321 2.2443
2.1561 2.3330
2.2245 2.2923
2.2134 2.3347
2.2255 2.2907
2.2153 2.3317
2.2167 2.3177
2.2212 2.3075
2.2169 2.3213
2.2140 2.3305
2.2104 2.3421
2.2056 2.3553
2.1765 2.4488
2.1787 2.4414
2.1748 2.4587
2.1725 2.4629
2.1518 2.4798
2.0280 2.5478
2.0117 2.5198
2.0388 2.5257
2.0349 2.5500
1.9713 2.6465
1.8832 2.5985
1.8212 2.6129
1.7710 2.6234
1.7363 2.6296
1.6425 2.6512
1.4831 2.6770
1.5121 2.6652
1.4994 2.6601
1.4839 2.6526
1.0480 2.6273
1.0330 2.6062
0.9559 2.5816
0.0000 0.0000
0.0000 0.0000
0.0000 0.0000
0.0000 0.0000
0.0000 0.0000
0.0000 0.0000
0.0000 0.0000
0.0000 0.0000
0.0000 0.0000
0.0000 0.0000
0.0000 0.0000
0.0000 0.0000
0.0000 0.0000
0.0000 0.0000
0.0000 0.0000
0.0000 0.0000
0.0000 0.0000
0.0000 0.0000
0.0000 0.0000
0.0000 0.0000
0.0000 0.0000
0.0000 0.0000
0.0000 0.0000
0.0000 0.0000
0.0000 0.0000
0.0000 0.0000
0.0000 0.0000
0.0000 0.0000
0.0000 0.0000
0.0000 0.0000
0.0000 0.0000
0.0000 0.0000
0.0000 0.0000
0.0000 0.0000
0.0000 0.0000
0.0000 0.0000
0.0000 0.0000
0.0000 0.0000
0.0000 0.0000
0.0000 0.0000
0.0000 0.0000
0.0000 0.0000
0.0000 0.0000
0.0000 0.0000
0.0000 0.0000
0.0000 0.0000
0.0000 0.0000
0.0000 0.0000
0.0000 0.0000
0.0000 0.0000
0.0000 0.0000
0.0000 0.0000
0.0000 0.0000
0.0000 0.0000
0.0000 0.0000
0.0000 0.0000
0.0000 0.0000
0.0000 0.0000
0.0000 0.0000
0.0000 0.0000
0.0000 0.0000
0.0000 0.0000
0.0000 0.0000
0.0000 0.0000
0.0000 0.0000
0.0000 0.0000
0.0000 0.0000
0.0000 0.0000
0.0000 0.0000
0.0000 0.0000
0.0000 0.0000
0.0000 0.0000
0.0000 0.0000
0.0000 0.0000
0.0000 0.0000
0.0000 0.0000
0.0000 0.0000
0.0000 0.0000
-0.0378 1.7230
0.3243 2.1175
0.6668 2.2456
0.9400 2.2974
1.2542 2.5687
1.6495 2.7317
2.0474 2.9221
1.9510 2.8569
2.1137 3.0007
2.2818 3.1135
2.1717 3.1517
2.1961 3.1254
2.2027 3.1420
2.1910 3.2355
2.3163 3.2144
2.2332 3.2214
2.2356 3.2245
2.2732 3.2620
2.3865 3.2542
0.0000 0.0000
0.0000 0.0000
0.0000 0.0000
0.0000 0.0000
0.0000 0.0000
0.0000 0.0000
0.0000 0.0000
0.0000 0.0000
0.0000 0.0000
0.0000 0.0000
1.9136 2.1516
2.3547 2.5433
2.6161 2.7025
2.7262 2.9239
2.6522 2.8581
2.6007 2.9450
2.5833 2.8894
2.5661 2.9414
2.5754 2.9214
2.5730 2.9322
2.4650 2.7494
2.4650 2.7494
2.4650 2.7494
2.4650 2.7494
2.3804 2.5193
0.0000 0.0000
0.0000 0.0000
0.0000 0.0000
0.0000 0.0000
0.0000 0.0000
0.0000 0.0000
0.0000 0.0000
0.0000 0.0000
0.0000 0.0000
0.0000 0.0000
0.0000 0.0000
0.0000 0.0000
0.0000 0.0000
0.0000 0.0000
0.0000 0.0000
0.0000 0.0000
0.0000 0.0000
0.0000 0.0000
0.0000 0.0000
0.0000 0.0000
0.0000 0.0000
0.0000 0.0000
0.0000 0.0000
0.0000 0.0000
0.0000 0.0000
0.0000 0.0000
0.0000 0.0000
0.0000 0.0000
0.0000 0.0000
0.0000 0.0000
0.0000 0.0000
0.0000 0.0000
0.0000 0.0000
0.0000 0.0000
0.0000 0.0000
0.0000 0.0000
0.0000 0.0000
0.0000 0.0000
0.0000 0.0000
0.0000 0.0000
0.0000 0.0000
0.0000 0.0000
0.0000 0.0000
1.0754 1.5116
1.2206 1.5007
1.2668 1.5520
1.2594 1.6020
1.4221 1.6473
1.4268 1.6713
1.3666 1.6633
1.3696 1.7809
1.4044 1.7449
1.4066 1.7584
1.4406 1.9069
1.4481 1.8454
1.4888 1.8955
1.4765 1.9654
1.5456 2.0780
1.6001 2.2253
1.5869 2.2640
1.5809 2.1650
1.6424 2.2028
1.5890 2.2160
1.6329 2.2618
1.6195 2.2599
1.6242 2.2623
1.6245 2.2717
1.6361 2.2851
1.6378 2.2833
1.6455 2.2918
1.6497 2.2996
1.6535 2.3038
1.6682 2.3085
1.6594 2.3941
1.7139 2.3480
1.6937 2.3438
1.7001 2.3517
1.7094 2.3692
1.7888 2.3739
1.7252 2.4511
1.7827 2.4816
1.7411 2.4664
1.7152 2.5510
1.7316 2.4968
1.7316 2.4968
1.7172 2.4013
0.0000 0.0000
0.0000 0.0000
0.0000 0.0000
0.0000 0.0000
0.0000 0.0000
0.0000 0.0000
1.4393 2.3128
1.4884 2.3174
1.3951 2.4503
1.4077 2.3838
1.4078 2.4420
1.3987 2.4668
1.3885 2.4988
1.2427 2.5419
1.0496 2.5225
0.8756 2.5015
0.9436 2.5397
0.8853 2.6360
0.8311 2.6550
0.6140 2.5514
0.4520 2.5482
0.2836 2.5924
0.0919 2.5934
-0.1149 2.5992
-0.2891 2.6042
-0.4869 2.6093
-0.6762 2.6196
-0.7562 2.6282
-0.7375 2.7247
-0.7080 2.7054
-0.5648 2.7775
-0.3976 2.8359
-0.2396 2.8936
-0.0237 2.8408
0.0000 0.0000
0.0000 0.0000
0.0000 0.0000
0.0000 0.0000
0.0000 0.0000
0.0000 0.0000
0.0000 0.0000
0.0000 0.0000
0.0000 0.0000
0.0000 0.0000
0.0000 0.0000
0.0000 0.0000
0.0000 0.0000
0.0000 0.0000
0.0000 0.0000
0.0000 0.0000
0.0000 0.0000
0.0000 0.0000
0.0000 0.0000
0.0000 0.0000
0.0000 0.0000
0.0000 0.0000
0.0000 0.0000
0.0000 0.0000
0.0000 0.0000
0.0000 0.0000
0.0000 0.0000
0.0000 0.0000
0.0000 0.0000
0.0000 0.0000
0.0000 0.0000
0.0000 0.0000
0.0000 0.0000
0.0000 0.0000
0.0000 0.0000
0.0000 0.0000
0.0000 0.0000
0.0000 0.0000
0.0000 0.0000
0.0000 0.0000
0.0000 0.0000
0.0000 0.0000
0.0000 0.0000
0.0000 0.0000
0.0000 0.0000
0.0000 0.0000
0.0000 0.0000
0.0000 0.0000
0.0000 0.0000
0.0000 0.0000
0.0000 0.0000
0.0000 0.0000
0.0000 0.0000
0.0000 0.0000
0.0000 0.0000
0.0000 0.0000
0.0000 0.0000
0.0000 0.0000
0.0000 0.0000
0.0000 0.0000
0.0000 0.0000
0.0000 0.0000
0.0000 0.0000
0.0000 0.0000
0.0000 0.0000
0.0000 0.0000
0.0000 0.0000
0.0000 0.0000
0.0000 0.0000
0.0000 0.0000
0.0000 0.0000
0.0000 0.0000
0.0000 0.0000
0.0000 0.0000
0.0000 0.0000
0.0000 0.0000
0.0000 0.0000
0.0000 0.0000
0.0000 0.0000
0.0000 0.0000
0.0000 0.0000
0.0000 0.0000
0.0000 0.0000
0.0000 0.0000
0.0000 0.0000
0.0000 0.0000
0.0000 0.0000
0.0000 0.0000
0.0000 0.0000
0.0000 0.0000
0.0000 0.0000
0.0000 0.0000
0.0000 0.0000
0.0000 0.0000
0.0000 0.0000
0.0000 0.0000
0.0000 0.0000
0.0000 0.0000
0.0000 0.0000
0.0000 0.0000
0.0000 0.0000
0.0000 0.0000
0.0000 0.0000
0.0000 0.0000
0.0000 0.0000
0.0000 0.0000
0.0000 0.0000
0.0000 0.0000
0.0000 0.0000
0.0000 0.0000
0.0000 0.0000
0.0000 0.0000
0.0000 0.0000
0.0000 0.0000
0.0000 0.0000
0.0000 0.0000
0.0000 0.0000
0.0000 0.0000
0.0000 0.0000
0.0000 0.0000
0.0000 0.0000
0.0000 0.0000
0.0000 0.0000
0.0000 0.0000
0.0000 0.0000
0.0000 0.0000
0.0000 0.0000
0.0000 0.0000
0.0000 0.0000
0.0000 0.0000
0.0000 0.0000
0.0000 0.0000
0.0000 0.0000
0.0000 0.0000
0.0000 0.0000
0.0000 0.0000
0.0000 0.0000
0.0000 0.0000
0.0000 0.0000
0.0000 0.0000
0.0000 0.0000
0.0000 0.0000
0.0000 0.0000
0.0000 0.0000
0.0000 0.0000
0.0000 0.0000
0.0000 0.0000
0.0000 0.0000
0.0000 0.0000
0.0000 0.0000
0.0000 0.0000
0.0000 0.0000
0.0000 0.0000
0.0000 0.0000
0.0000 0.0000
0.0000 0.0000
0.0000 0.0000
0.0000 0.0000
0.0000 0.0000
0.0000 0.0000
0.0000 0.0000
0.0000 0.0000
0.0000 0.0000
0.0000 0.0000
0.0000 0.0000
0.0000 0.0000
0.0000 0.0000
0.0000 0.0000
0.0000 0.0000
0.0000 0.0000
0.0000 0.0000
0.0000 0.0000
0.0000 0.0000
0.0000 0.0000
0.0000 0.0000
0.0000 0.0000
0.0000 0.0000
0.0000 0.0000
0.0000 0.0000
0.0000 0.0000
0.0000 0.0000
0.0000 0.0000
0.0000 0.0000
0.0000 0.0000
0.0000 0.0000
0.0000 0.0000
0.0000 0.0000
0.0000 0.0000
0.0000 0.0000
0.0000 0.0000
0.0000 0.0000
0.0000 0.0000
0.0000 0.0000
0.0000 0.0000
0.0000 0.0000
0.0000 0.0000
0.0000 0.0000
0.0000 0.0000
0.0000 0.0000
0.0000 0.0000
0.0000 0.0000
0.0000 0.0000
0.0000 0.0000
0.0000 0.0000
0.0000 0.0000
0.0000 0.0000
0.0000 0.0000
0.0000 0.0000
0.0000 0.0000
0.0000 0.0000
0.0000 0.0000
0.0000 0.0000
0.0000 0.0000
0.0000 0.0000
0.0000 0.0000
0.0000 0.0000
0.0000 0.0000
0.0000 0.0000
0.0000 0.0000
0.0000 0.0000
0.0000 0.0000
0.0000 0.0000
0.0000 0.0000
0.0000 0.0000
0.0000 0.0000
0.0000 0.0000
0.0000 0.0000
0.0000 0.0000
0.0000 0.0000
0.0000 0.0000
0.0000 0.0000
0.0000 0.0000
0.0000 0.0000
0.0000 0.0000
0.0000 0.0000
0.0000 0.0000
0.0000 0.0000
0.0000 0.0000
0.0000 0.0000
0.0000 0.0000
0.0000 0.0000
0.0000 0.0000
0.0000 0.0000
0.0000 0.0000
0.0000 0.0000
0.0000 0.0000
0.0000 0.0000
