0.000000000000000000e+00 0.000000000000000000e+00 0.000000000000000000e+00
-4.601040641336027193e-01 1.148589024597156949e-01 2.045789801500000060e-01
-4.601040661928503805e-01 1.148588721910526605e-01 2.045789614737519857e-01
-4.601077407233016281e-01 1.148416536728483345e-01 2.045774982111256413e-01
-4.601304539103246438e-01 1.148095484213942086e-01 2.045740083109385543e-01
-4.601928560022627845e-01 1.147724604845087315e-01 2.045522177429483501e-01
-4.602647906454461202e-01 1.147383750403344477e-01 2.045482473560814030e-01
-4.604798151647585547e-01 1.146413289534130436e-01 2.045152639186562094e-01
-4.607986828694629056e-01 1.145301483432866890e-01 2.045032003990040204e-01
-4.614383286528754291e-01 1.141322142245983079e-01 2.045009206646092315e-01
-4.621195203721337186e-01 1.137421703188754712e-01 2.045516922497392642e-01
-4.625119920167459209e-01 1.135120574511227082e-01 2.045832595468417836e-01
-4.632397400138164589e-01 1.131162199399639995e-01 2.045672592582496174e-01
-4.638169478006576307e-01 1.128668692347207098e-01 2.045217890398484117e-01
-4.648791861931896863e-01 1.122899897313858752e-01 2.045947638445106409e-01
-4.660037725657972252e-01 1.116607649175813399e-01 2.044991371375019518e-01
-4.672692691667401088e-01 1.109531865310917909e-01 2.045781367883649504e-01
-4.682040255510309112e-01 1.103982965838674196e-01 2.044041906102059825e-01
-4.692188709833653437e-01 1.101970934253165141e-01 2.045336239992598670e-01
-4.704710713784145959e-01 1.091267870636334208e-01 2.043117113480303615e-01
-4.724469677243446908e-01 1.077239831961738226e-01 2.042744135428587460e-01
-4.732127532677870008e-01 1.076185149945266262e-01 2.044531276974432266e-01
-4.732980617122468092e-01 1.075241118234827598e-01 2.044663070056065290e-01
-4.764852698467724745e-01 1.055144980937640781e-01 2.043532755307872761e-01
-4.786959476212776510e-01 1.046136232722501974e-01 2.044667601364765774e-01
-4.816146488277224802e-01 1.032535859050006943e-01 2.046233576802741205e-01
-4.826898042645435538e-01 1.026256433965110626e-01 2.046849361358317743e-01
-4.831485137040076316e-01 1.021636572015325456e-01 2.046852608143670538e-01
-4.837677703278648877e-01 1.015570728910741710e-01 2.044985339963727167e-01
-4.850902256507245713e-01 1.007948938270114420e-01 2.043954123202840478e-01
-4.870192165339978785e-01 9.986609740123933432e-02 2.045020935162513986e-01
-4.887258315279082721e-01 9.908928755539124500e-02 2.046664080372570527e-01
-4.896770540541591221e-01 9.846775574222246807e-02 2.047067716774796375e-01
-4.900501284447909001e-01 9.801137635347798027e-02 2.045955599106966116e-01
-4.904362666186120601e-01 9.752972738392139129e-02 2.044216359282640949e-01
-4.904841767186498003e-01 9.761154943829673802e-02 2.044658397261988614e-01
-4.918570686228387334e-01 9.708672200968287980e-02 2.046127104089905668e-01
-4.918562065306315567e-01 9.706552395950381051e-02 2.046585074003826332e-01
-4.933919674566260016e-01 9.615671263750905084e-02 2.046463175539185164e-01
-4.936025287323115851e-01 9.586336162061606658e-02 2.045744654964881948e-01
-4.949381692077020611e-01 9.503616036617559826e-02 2.045403576497428766e-01
-4.967621152426789366e-01 9.419260967862151668e-02 2.044843109887422572e-01
-4.978035899108899098e-01 9.370385597962563318e-02 2.045491494670435006e-01
-4.980096348003788531e-01 9.370533099129364774e-02 2.046134696243367135e-01
-4.979684134887126801e-01 9.362000881967054433e-02 2.047009497043377757e-01
-4.979290090820622794e-01 9.367587017527101434e-02 2.046905105059206031e-01
-4.982003153048999433e-01 9.327866831503248135e-02 2.045942692039081912e-01
-4.997535164156214349e-01 9.256700613851197301e-02 2.044627828962670701e-01
-5.005218969015208241e-01 9.231451776583973756e-02 2.044801521843339354e-01
-5.015866377854176772e-01 9.195780135566337943e-02 2.044574963981946047e-01
-5.015992318400949168e-01 9.199414379009723808e-02 2.045717235984940152e-01
-5.020581282982543581e-01 9.167590653364623976e-02 2.045531497049124237e-01
-5.027989565627815072e-01 9.134590262464070687e-02 2.045637289742749387e-01
-5.037919458187476440e-01 9.099722378125559008e-02 2.045337069744643244e-01
-5.047158009322904038e-01 9.070184025063666999e-02 2.045103154181861504e-01
-5.055878200898340502e-01 9.040573840807730743e-02 2.044887079312638911e-01
-5.060534071747767593e-01 9.017757412187271671e-02 2.045151629902340062e-01
-5.068521320339997027e-01 8.989535857113573059e-02 2.045425178970392555e-01
-5.071548746396116192e-01 8.955989793174799762e-02 2.046081661849903366e-01
-5.086898904455031678e-01 8.868650839569644506e-02 2.045011281584512008e-01
-5.099450088342882825e-01 8.833401374590856003e-02 2.046121788790590257e-01
-5.111009461941935506e-01 8.786412450610607550e-02 2.044902366803317550e-01
-5.119709614057654790e-01 8.752950278832710707e-02 2.045411902520723746e-01
-5.127699665416191044e-01 8.707866078277598509e-02 2.045312809979025759e-01
-5.131501078404905325e-01 8.685978843299398122e-02 2.046485958302523278e-01
-5.138828999991195134e-01 8.633625280906445654e-02 2.044605051669997342e-01
-5.145808910385618606e-01 8.596749901989134135e-02 2.047225676700365204e-01
-5.157945172297776493e-01 8.508796733397713807e-02 2.042842851761939582e-01
-5.157154695524198695e-01 8.611138225287076620e-02 2.048294463333302784e-01
-5.162094409312277810e-01 8.507055606296975991e-02 2.043497342020721419e-01
-5.163602236023356884e-01 8.524308807531855159e-02 2.045121685835317726e-01
-5.169822616601199572e-01 8.496036556204544787e-02 2.043001668331493603e-01
-5.174379010915571842e-01 8.490545054124361279e-02 2.043775938330017750e-01
-5.180454668670441132e-01 8.465341664996911542e-02 2.042788153174297239e-01
-5.184854811258244878e-01 8.459902310089845168e-02 2.043361563264169956e-01
-5.193264256108693910e-01 8.432748395318925838e-02 2.043002791410515606e-01
-5.199086856338240858e-01 8.410863850560633403e-02 2.042796893249763102e-01
-5.208459485611866002e-01 8.378601442332754556e-02 2.042199817479788126e-01
-5.219358565478925405e-01 8.342484007106026889e-02 2.041818644088790879e-01
-5.224516784993781249e-01 8.317916316048071246e-02 2.041817286884192728e-01
-5.232673926557991351e-01 8.296673585305022747e-02 2.041686030772069393e-01
-5.243387577189980719e-01 8.258526753973816081e-02 2.040981210943655089e-01
-5.252827702029694290e-01 8.215157954912602478e-02 2.040060144214561333e-01
-5.258447320999749541e-01 8.197521519893155584e-02 2.040885169063547389e-01
-5.262712062198117158e-01 8.183872530551720981e-02 2.040879070465674849e-01
-5.270832844183637178e-01 8.145681244899682927e-02 2.040488330191813637e-01
-5.278093419921459084e-01 8.117419514061043062e-02 2.040131731622424616e-01
-5.280425732059843558e-01 8.099311674968925900e-02 2.039676606537767778e-01
-5.289502000428832895e-01 8.072091932802666348e-02 2.039958865891776940e-01
-5.298624834733778322e-01 8.023333541320705475e-02 2.039238220894837306e-01
-5.304827868669257374e-01 8.002248065438853641e-02 2.039671230021597725e-01
-5.313656183073218742e-01 7.949308653074978193e-02 2.039042532469075852e-01
-5.316560101482488143e-01 7.954401848940959030e-02 2.039750816133217293e-01
-5.326003675428928608e-01 7.891258853254710937e-02 2.038348398092920399e-01
-5.329180597031212274e-01 7.895867930026817527e-02 2.039004349160267460e-01
-5.337734989949513009e-01 7.837080844076182995e-02 2.037708927372720580e-01
-5.344745289897163687e-01 7.807878034101196907e-02 2.037586861054875853e-01
-5.352868763940064056e-01 7.787314596688488244e-02 2.037497959502617972e-01
-5.356703889919673944e-01 7.749675396137989392e-02 2.037122955620769837e-01
-5.361194503181720972e-01 7.724390641910502953e-02 2.036715904538173028e-01
-5.371867170830689764e-01 7.666256406115461164e-02 2.035394484003361093e-01
-5.380570618351419032e-01 7.631101302495416072e-02 2.035901560743973437e-01
-5.385668999365752496e-01 7.600789963340218169e-02 2.035214951539075223e-01
-5.392783963496380339e-01 7.563263917837825812e-02 2.035499181643710132e-01
-5.404508452747027736e-01 7.483069612556669803e-02 2.034927117185187928e-01
-5.405820214536347645e-01 7.487757813828889442e-02 2.035622234871385938e-01
-5.416898786708049807e-01 7.392043680089388502e-02 2.034359662377041855e-01
-5.427665078720582681e-01 7.320014071447619730e-02 2.034328563558839842e-01
-5.432521023446128527e-01 7.270043251366244130e-02 2.034302312856972883e-01
-5.441185121579616979e-01 7.207599113018611781e-02 2.033903264723996018e-01
-5.444154907452583014e-01 7.152171568960412340e-02 2.034130864145604067e-01
-5.453082296157651943e-01 7.093952480582983722e-02 2.033751147500910406e-01
-5.457614855631844897e-01 7.015069826381575835e-02 2.034800833050483537e-01
-5.465297068764107813e-01 6.957437285359086010e-02 2.033296779701803392e-01
-5.467740378710153060e-01 6.898046198873206136e-02 2.034603133636241068e-01
-5.476858882030134490e-01 6.743325448580435311e-02 2.033562272084164235e-01
-5.484594723519800041e-01 6.643135818368944845e-02 2.034232369617804126e-01
-5.491879847167042694e-01 6.526267252973615152e-02 2.034535025872212521e-01
-5.501889559140251684e-01 6.346315084051731836e-02 2.034906305989177822e-01
-5.501928132774072111e-01 6.340721078773398078e-02 2.034980691909940576e-01
-5.508487068455192315e-01 6.138447271738796396e-02 2.033354990761642167e-01
-5.512072064079392986e-01 6.097754965302126101e-02 2.034861312992511384e-01
-5.520195878113173249e-01 5.889610552064231119e-02 2.034760445500385651e-01
-5.523868733597810943e-01 5.783666282362411037e-02 2.034642583730265908e-01
-5.529298345125629455e-01 5.634417152263612727e-02 2.034650122521480531e-01
-5.534526497932322764e-01 5.432677396518330315e-02 2.033626177757530129e-01
-5.537734625108632347e-01 5.392074763264306791e-02 2.034950465094520766e-01
-5.542760107245930934e-01 5.202950214262162115e-02 2.033984614290773318e-01
-5.546038129907433500e-01 5.166030928295137908e-02 2.035198278702479435e-01
-5.550656181589360694e-01 4.982696429400354510e-02 2.033712547620980526e-01
-5.554271540866352330e-01 4.965113880332715918e-02 2.035684915796887040e-01
-5.561388492925724014e-01 4.764646374857156585e-02 2.034619773385639152e-01
-5.566986647742224736e-01 4.646209615240819851e-02 2.035229185227683812e-01
-5.575356393034509583e-01 4.461338408120776172e-02 2.035642858425475432e-01
-5.576195870248346065e-01 4.427127894273517883e-02 2.035160683028444939e-01
-5.584022655262824708e-01 4.264851690572686593e-02 2.035497744824541766e-01
-5.586736981709037320e-01 4.211276903654994491e-02 2.034819753741813897e-01
-5.593742549454217006e-01 4.062606044531875960e-02 2.035313687738428134e-01
-5.599141706226459236e-01 3.913355574631798006e-02 2.033902495784503106e-01
-5.604051131328494639e-01 3.840561106957898763e-02 2.035199982633961180e-01
-5.607484391171140281e-01 3.732553933009409575e-02 2.033550690275804373e-01
-5.612325355168322760e-01 3.673195006290578407e-02 2.035378432807049831e-01
-5.614968192743164943e-01 3.568030688135220840e-02 2.032628887204847579e-01
-5.619327543139122083e-01 3.463647510458688072e-02 2.032526808388403494e-01
-5.623270270607936272e-01 3.384215583962067730e-02 2.032544259263858455e-01
-5.628475631080011032e-01 3.231608756772998831e-02 2.031455965126676699e-01
-5.630973507665977262e-01 3.213663804439789023e-02 2.032759100940225994e-01
-5.635900018786020871e-01 3.049210992145404836e-02 2.032039022115827154e-01
-5.637369275786844325e-01 3.054979200676108744e-02 2.033054406160904881e-01
-5.640754181220806185e-01 2.884711607218592988e-02 2.031824590871000868e-01
-5.644683095433598030e-01 2.731321025940426639e-02 2.031388031016557461e-01
-5.646632968393932028e-01 2.639896129984831488e-02 2.031450016593398245e-01
-5.650009646331215496e-01 2.490253813503742406e-02 2.031178608762710114e-01
-5.651003969428910478e-01 2.442577632068993962e-02 2.031336230794887343e-01
-5.653509060756071181e-01 2.289950649753244930e-02 2.031703480501545478e-01
-5.654440520210445298e-01 2.135207844366752289e-02 2.031514440216123096e-01
-5.654671369896214772e-01 2.142295803555506126e-02 2.032232100692535348e-01
-5.618189802682853617e-01 1.533691523266332048e-02 2.038245045846585057e-01
-5.567413536856986589e-01 7.573509439327327092e-03 2.047162714437834596e-01
-5.514932914792011198e-01 -2.043646660040705776e-03 2.054659671189643655e-01
-5.505756426519320401e-01 -5.753916998180574199e-03 2.052830631173648557e-01
-5.544272718569119851e-01 -8.945355699889849521e-04 2.042873876881456108e-01
-5.550319057607627782e-01 -6.263162360662838965e-05 2.042787934079633161e-01
-5.555261362235833777e-01 1.505329965209733015e-03 2.045816942755491474e-01
-5.554385570735991262e-01 1.642265931385028304e-03 2.048763357632995552e-01
-5.545428692951431815e-01 -8.000072587800886523e-04 2.048436598503477757e-01
-5.543081890924536070e-01 -1.737763894540007631e-03 2.047691207147667725e-01
-5.535806618170571181e-01 -4.276997316274041942e-03 2.044849243086153956e-01
-5.535390971968955354e-01 -4.757610248108359169e-03 2.044395001806382506e-01
-5.530692351089118164e-01 -6.151880821490894602e-03 2.043844505303214487e-01
-5.530761915757067548e-01 -5.957525752961051989e-03 2.045075231685871964e-01
-5.525227848910292394e-01 -7.282032367262154630e-03 2.045225914317893856e-01
-5.517694980922601689e-01 -9.143345378529784545e-03 2.045857109120393091e-01
-5.514943849723579206e-01 -9.925382695557389418e-03 2.046282793268005551e-01
-5.511999571587001823e-01 -1.069976739312426296e-02 2.046049556637203337e-01
-5.511886455977853538e-01 -1.094327155347632127e-02 2.046003975794163932e-01
-5.508411207709024149e-01 -1.195664385150753753e-02 2.045427391825180297e-01
-5.501263436838371712e-01 -1.382019420207496532e-02 2.044804359417134176e-01
-5.498178235371924405e-01 -1.477286720472361856e-02 2.045320672823419117e-01
-5.496291568217404055e-01 -1.514927378290085135e-02 2.045895494089464695e-01
-5.497134410667067206e-01 -1.497598028137378696e-02 2.046266956098952983e-01
-5.495028747498522659e-01 -1.553697132761342262e-02 2.046305399599671060e-01
-5.494308615513938676e-01 -1.591198110745197306e-02 2.046275986369709143e-01
-5.490059941425207146e-01 -1.719973173782301037e-02 2.045554023861852477e-01
-5.484831153881141175e-01 -1.915218200653150127e-02 2.045125754714872401e-01
-5.480342012308736521e-01 -2.019902970810229584e-02 2.044730023166402011e-01
-5.477878662549804378e-01 -2.155768963415487585e-02 2.045247120465713275e-01
-5.474127133438653203e-01 -2.256934301391093356e-02 2.045905617133830234e-01
-5.471703513611982928e-01 -2.349507576188066688e-02 2.046426288187666864e-01
-5.470074361017768227e-01 -2.376690297635848312e-02 2.046447407567095478e-01
-5.467878338302621932e-01 -2.472725225267759577e-02 2.045343836920980041e-01
-5.465109747050407307e-01 -2.628324768181213369e-02 2.044588071771130111e-01
-5.463407911367321734e-01 -2.763124015545136147e-02 2.045050492000565490e-01
-5.460987886690715776e-01 -2.870950647240069070e-02 2.045946802082619920e-01
-5.460431175566277107e-01 -2.895262131301002545e-02 2.046356790757521971e-01
-5.457398227906561372e-01 -2.964901432653974794e-02 2.046561353775266656e-01
-5.457502829336939865e-01 -2.972757404332154046e-02 2.046190985148635400e-01
-5.455376403886135206e-01 -3.141151754180521866e-02 2.044858745526441923e-01
-5.453000998559569545e-01 -3.253447138941667482e-02 2.044857002202222496e-01
-5.450377289619416921e-01 -3.413231755098058984e-02 2.044633586234211597e-01
-5.448044433067849024e-01 -3.521727987120883835e-02 2.045482788901969995e-01
-5.445749705395629414e-01 -3.623560895860492015e-02 2.045997797793522588e-01
-5.444699259911024436e-01 -3.651188050692137643e-02 2.046495094128309711e-01
-5.443407822080864600e-01 -3.742674968714467670e-02 2.046320106412345685e-01
-5.442475813475675661e-01 -3.758840526948385025e-02 2.046182621030629423e-01
-5.440612778820730355e-01 -3.922867315524922877e-02 2.045441279929133271e-01
-5.438542070594358790e-01 -4.061411138973766016e-02 2.044372091061488761e-01
-5.437407198398375163e-01 -4.149133864456835269e-02 2.045181582392235076e-01
-5.435458445526618609e-01 -4.213852864127980158e-02 2.046244229375575596e-01
-5.434289810932678710e-01 -4.252147485139827487e-02 2.046451212419793664e-01
-5.432735612729010510e-01 -4.297294981922903517e-02 2.046845880052702848e-01
-5.431356798535315056e-01 -4.413320950059843734e-02 2.046069022570805029e-01
-5.429876804347528729e-01 -4.467962987145137482e-02 2.046150550422964898e-01
-5.428298313048155466e-01 -4.594117642131408802e-02 2.044661889863279014e-01
-5.425755731749641875e-01 -4.737126056680697472e-02 2.044207666933646750e-01
-5.423889370834329426e-01 -4.836910005583577171e-02 2.044247202436904887e-01
-5.421943668489059842e-01 -4.926843162323948228e-02 2.045185410411830829e-01
-5.418899365046642158e-01 -5.019727940093930002e-02 2.045485245140829245e-01
-5.417950082889597674e-01 -5.084467394658846034e-02 2.046829860780085553e-01
-5.414834380470187059e-01 -5.220835977904980663e-02 2.046831696189382044e-01
-5.410975957832240280e-01 -5.369386920164852944e-02 2.045965083580485178e-01
-5.407519110409311214e-01 -5.498332019848742314e-02 2.044969881500404985e-01
-5.404236073246044825e-01 -5.609510251538125242e-02 2.044878519873498945e-01
-5.403433003231495890e-01 -5.636808512053591985e-02 2.044796860680428707e-01
-5.401134099455747739e-01 -5.709136504158427577e-02 2.045841965370035487e-01
-5.400731990135169136e-01 -5.722082261252476459e-02 2.045448787655961276e-01
-5.395827218030671002e-01 -5.905607780031153081e-02 2.045054338000718008e-01
-5.389270105377818032e-01 -6.161490926487947495e-02 2.045005943173465457e-01
-5.385920893837236045e-01 -6.310222140450044703e-02 2.045550289463004823e-01
-5.384880415390713715e-01 -6.331033727062297667e-02 2.046157520423880494e-01
-5.385147386785722468e-01 -6.302410182023025775e-02 2.046920531069443272e-01
-5.383343783831127105e-01 -6.332825656888914356e-02 2.046231817855455604e-01
-5.382839437422297646e-01 -6.341564261060647634e-02 2.046202503659188821e-01
-5.379550286261810532e-01 -6.481626032358338285e-02 2.044854256927803315e-01
-5.377441588085737356e-01 -6.574611589639016429e-02 2.045092766335223078e-01
-5.372484972299781392e-01 -6.742147001233500525e-02 2.045547271093278163e-01
-5.372803374165333601e-01 -6.803971334721792275e-02 2.044938798544538583e-01
-5.375800094640508231e-01 -6.855472963091303884e-02 2.044611470145806242e-01
-5.378469963748435667e-01 -6.911333611573741709e-02 2.044968995766465181e-01
-5.382186960945894993e-01 -6.965407370269928455e-02 2.044497650280142076e-01
-5.386578887639746904e-01 -7.050567364044031671e-02 2.044696804115564703e-01
-5.390920521720516945e-01 -7.159512692214867191e-02 2.043892782184431600e-01
-5.396740935759455349e-01 -7.264792277016425548e-02 2.043017833695024155e-01
-5.401315934345796155e-01 -7.341933972403966169e-02 2.043274827122225912e-01
-5.407552101693551272e-01 -7.485103124797132246e-02 2.041551611919326381e-01
-5.410475079786767338e-01 -7.502075891615990477e-02 2.042819602422033531e-01
-5.416672585323827338e-01 -7.648665082927265380e-02 2.040894452212087817e-01
-5.416889191569350670e-01 -7.639161132477320648e-02 2.041426018922569696e-01
-5.421750827691051988e-01 -7.732854527833518676e-02 2.040299786529938264e-01
-5.427609122727206081e-01 -7.817948827778324616e-02 2.040671153292853146e-01
-5.428124722529941160e-01 -7.830195383475734017e-02 2.040872196306800224e-01
-5.435035687722219455e-01 -7.981946696635472405e-02 2.038722070480363524e-01
-5.444438485064782007e-01 -8.144680389524321107e-02 2.038564505997451093e-01
-5.446093034396726207e-01 -8.192706699732499320e-02 2.038024128033060212e-01
-5.432812966342572825e-01 -8.414655206598613268e-02 2.034968551632460876e-01
-5.370213121435454262e-01 -8.323725101438415874e-02 2.046018328756867566e-01
-5.321626801722417754e-01 -8.759189407756939882e-02 2.048028342313691075e-01
-5.279369603991135307e-01 -9.131175806124959549e-02 2.047818434400965337e-01
-5.279140033392335507e-01 -9.116874301203894970e-02 2.048013151640488416e-01
-5.315172756134192156e-01 -8.878595014103342342e-02 2.045194991172073207e-01
-5.313856674388472978e-01 -8.898045994296330252e-02 2.045156969483363785e-01
-5.320237667321128239e-01 -8.987335872209421817e-02 2.041574770251542437e-01
-5.318682283330794514e-01 -9.261336203198074213e-02 2.041447794391097748e-01
-5.312916467895885120e-01 -9.422794573132550755e-02 2.043988700967009076e-01
-5.316435451854985006e-01 -9.489395870269988487e-02 2.044098665450055918e-01
-5.320311810702434974e-01 -9.519859347988501863e-02 2.043363321366445384e-01
-5.326894350085217278e-01 -9.588675648319547329e-02 2.043470483251054182e-01
-5.335323367753609380e-01 -9.706087632315779645e-02 2.041605185870566941e-01
-5.343285226716921743e-01 -9.788987042251376391e-02 2.042133140801448143e-01
-5.348421903908899822e-01 -9.839142989209362367e-02 2.041018929375623958e-01
-5.356151825582706749e-01 -9.924665564910110926e-02 2.041259683298906336e-01
-5.360796541560607364e-01 -9.980326154694152407e-02 2.039855410103777467e-01
-5.373141024592253956e-01 -1.012750114829364945e-01 2.039598858633814848e-01
-5.378683116863143265e-01 -1.019783483162999410e-01 2.039180681424084263e-01
-5.386150082471446998e-01 -1.027854235463709354e-01 2.038372438092388717e-01
-5.384556772976994976e-01 -1.026551315889844690e-01 2.039174093975025526e-01
-5.391528157606366722e-01 -1.034476700400553534e-01 2.039216859808732352e-01
-5.398576601039344336e-01 -1.040372382929041772e-01 2.038329750670204721e-01
-5.401415795190025460e-01 -1.046389210500023592e-01 2.038382589422253754e-01
-5.409337443548069002e-01 -1.053013972574134843e-01 2.037589617500606687e-01
-5.336506506668826644e-01 -1.092199995792591249e-01 2.042209049608504634e-01
-5.279947532605123728e-01 -1.123670068694178487e-01 2.049382398593674048e-01
-5.237097204016751828e-01 -1.147269119772675039e-01 2.051424142491187208e-01
-5.225762735760794975e-01 -1.164404782840768177e-01 2.049611314583047184e-01
-5.271392737545613771e-01 -1.173805376239275278e-01 2.042302986492034178e-01
-5.283777187048503965e-01 -1.172020671079505583e-01 2.043091372409546469e-01
-5.306223499035405133e-01 -1.174350643150543078e-01 2.045078577399522535e-01
-5.345258789608399175e-01 -1.187380872928554959e-01 2.045270685510185982e-01
-5.376675309493540444e-01 -1.202821108913529752e-01 2.044181275797558317e-01
-5.386975814557251052e-01 -1.209673442937894555e-01 2.043821905906738901e-01
-5.386134402816211697e-01 -1.209362845078074816e-01 2.046036254836460233e-01
-5.401205074749326762e-01 -1.210602876610328837e-01 2.047472177791341275e-01
-5.424252280514973990e-01 -1.216017972658309104e-01 2.046384400360165556e-01
-5.435320186943676246e-01 -1.214758508180454333e-01 2.046902177903762721e-01
-5.455632090811860513e-01 -1.227872312669120447e-01 2.042576152414690427e-01
-5.468860045715255858e-01 -1.223315765167085900e-01 2.044747765225672087e-01
-5.497476161682275375e-01 -1.229978839517575639e-01 2.044959352528818719e-01
-5.526929727753160382e-01 -1.226628843228614874e-01 2.047409790444103816e-01
-5.542956858049448154e-01 -1.238965446486750138e-01 2.044004856437127704e-01
-5.572356508820321963e-01 -1.253434950370148349e-01 2.042591919973545944e-01
-5.593620843146646093e-01 -1.250520570576992840e-01 2.044390622249366296e-01
-5.629609691143100392e-01 -1.276789424924529570e-01 2.038681011280490396e-01
-5.665298470349700022e-01 -1.275607526589311591e-01 2.043566428558982184e-01
-5.686719530915584908e-01 -1.303372450596039234e-01 2.035674001045044978e-01
-5.694739305759917158e-01 -1.273449707398884856e-01 2.050612817795859633e-01
-5.695863582166789119e-01 -1.318839686284625223e-01 2.034856639509499132e-01
-5.720865408478923442e-01 -1.289039940650745786e-01 2.053324666700493961e-01
-5.718602240349544008e-01 -1.348702544283703619e-01 2.027181019564937847e-01
-5.743214644625429521e-01 -1.302548748603363782e-01 2.049469655814405988e-01
-5.760080509014589012e-01 -1.298196211504484554e-01 2.050475875852829644e-01
-5.754590336390194016e-01 -1.342644455799885117e-01 2.040757857534632735e-01
-5.784767089404069251e-01 -1.321792328184256959e-01 2.046269079988102257e-01
-5.794574555465159538e-01 -1.379910604424801623e-01 2.042592565195079368e-01
-5.822266947242538127e-01 -1.355315296499929045e-01 2.043038955582889837e-01
-5.858904052951019459e-01 -1.362827109944546311e-01 2.044630919254972756e-01
-5.882508653884914729e-01 -1.408180929015140914e-01 2.045010799655635758e-01
-5.882437827463635749e-01 -1.414233881724418773e-01 2.045387074845561592e-01
-5.869063005809175282e-01 -1.454719040373989303e-01 2.043254347330041021e-01
-5.852999194018999596e-01 -1.479408430921002049e-01 2.042460682357495616e-01
-5.857783469918950159e-01 -1.472015850375023860e-01 2.046780802396510057e-01
-5.876919892593479577e-01 -1.462598209585839193e-01 2.050179782024094677e-01
-5.878755688754304654e-01 -1.467462686229462077e-01 2.049237250523273379e-01
-5.894126667236812001e-01 -1.478195934997375838e-01 2.047942099938014071e-01
-5.892090992499334767e-01 -1.508699047395508641e-01 2.044371369379870129e-01
-5.883587994049266356e-01 -1.553477185461366039e-01 2.040661499843321181e-01
-5.882700144721593194e-01 -1.560793653948427118e-01 2.040104934179681195e-01
-5.885541757389703976e-01 -1.563641420845951202e-01 2.039359244791182912e-01
-5.888554107841487140e-01 -1.567405458907115412e-01 2.040030108128412789e-01
-5.889810447491932166e-01 -1.571016212882789254e-01 2.039178849288999784e-01
-5.891752267835533852e-01 -1.575818090363728941e-01 2.039331342924819990e-01
-5.893965450712427279e-01 -1.580565086830583721e-01 2.038998281070353025e-01
-5.895173024943175522e-01 -1.582844928146606989e-01 2.038964591644376878e-01
-5.898684133036349309e-01 -1.589420397325128631e-01 2.038557874021608152e-01
-5.900848820983197740e-01 -1.593626537934590692e-01 2.038644847113225411e-01
-5.902865183590182419e-01 -1.598196730796811460e-01 2.038439336327143303e-01
-5.905168418124632224e-01 -1.603036175807885655e-01 2.038211528961573205e-01
-5.907810598144430658e-01 -1.604933898459739439e-01 2.038338856666347398e-01
-5.909206288688385600e-01 -1.610483973424893245e-01 2.037678929760251556e-01
-5.911842480205736772e-01 -1.616259764373813024e-01 2.037488705134953282e-01
-5.913796820454135794e-01 -1.619630987330171745e-01 2.036657820852072753e-01
-5.916749328864008284e-01 -1.624585257442191510e-01 2.037230769379294038e-01
-5.920199854902188363e-01 -1.633581375454905005e-01 2.035862865925346377e-01
-5.923098528978304467e-01 -1.641319062452657740e-01 2.035454954722945853e-01
-5.924588942708698402e-01 -1.644268553224640106e-01 2.034979722616692133e-01
-5.929144400599428710e-01 -1.653379840430714010e-01 2.033968282250278314e-01
-5.929953214169226827e-01 -1.653659848859441728e-01 2.034443470519789188e-01
-5.933212950421812293e-01 -1.664412056798224293e-01 2.033352868546485503e-01
-5.938115186261381240e-01 -1.672999605380847965e-01 2.033204736716620331e-01
-5.940721063558460635e-01 -1.679276469820292217e-01 2.032908679089938941e-01
-5.944515241329304533e-01 -1.685043928117608003e-01 2.032692652513098663e-01
-5.945438119070818317e-01 -1.690307883609626638e-01 2.032216732429269479e-01
-5.950135076114354549e-01 -1.697454234002258033e-01 2.032582717110482107e-01
-5.953052386697832432e-01 -1.704926316265194253e-01 2.031597497556486276e-01
-5.956277575208759334e-01 -1.716147545282161180e-01 2.030636804334006174e-01
-5.958659034965110290e-01 -1.717588461379560560e-01 2.030732623424234828e-01
-5.961505801754313216e-01 -1.728277453379000184e-01 2.030175927113414824e-01
-5.964288811285091141e-01 -1.734381859322216557e-01 2.029437678630251207e-01
-5.968894156291433273e-01 -1.744442834469388803e-01 2.029049522670187677e-01
-5.973290666296249274e-01 -1.760687454205252245e-01 2.027823740858995805e-01
-5.974721174028913007e-01 -1.764419211019287725e-01 2.028359886219340269e-01
-5.978653599135752561e-01 -1.782623139266222012e-01 2.026734594829525116e-01
-5.983393814987638670e-01 -1.788468036341427370e-01 2.027482007944281239e-01
-5.983837624513531628e-01 -1.803138014267917644e-01 2.025271128917023877e-01
-5.986341820836375005e-01 -1.811741733647886932e-01 2.026101321348113271e-01
-5.991121394676225398e-01 -1.834334223321689994e-01 2.025845130831315233e-01
-5.990640925085076729e-01 -1.837983612018660173e-01 2.025848883522496369e-01
-5.979682364944670647e-01 -1.911169486664354433e-01 2.026643745304304578e-01
-5.966844937587905129e-01 -1.972570697820679175e-01 2.026784976555782991e-01
-5.937908071579541813e-01 -2.141851989428455449e-01 2.026297940979194800e-01
-5.938751490880342931e-01 -2.212120544706680514e-01 2.027095687396919255e-01
-5.917614700606411704e-01 -2.303097531847631274e-01 2.029179666855627506e-01
-5.925491021418779480e-01 -2.330926690894205011e-01 2.034752301655617934e-01
-5.926552289812573315e-01 -2.307510062030758979e-01 2.029807554811335069e-01
-5.921110105949775049e-01 -2.331287403040110950e-01 2.030158476040758164e-01
-5.928695076015861876e-01 -2.320999728944199980e-01 2.029210685117684154e-01
-5.924339373054829938e-01 -2.342194768591342735e-01 2.029131959076619918e-01
-5.931255163480158021e-01 -2.332785459032714337e-01 2.028168712721005740e-01
-5.927687909065137983e-01 -2.349794271818730906e-01 2.029048823935041268e-01
-5.932824075388147822e-01 -2.345856271936778981e-01 2.027675260541281499e-01
-5.935660249517829001e-01 -2.356649144377415683e-01 2.026547826376743633e-01
-5.934612897979760771e-01 -2.363083435328969806e-01 2.026863542427410625e-01
-5.934713252973592423e-01 -2.375047629949555983e-01 2.026779591134984237e-01
-5.933956586788169396e-01 -2.383895377979260710e-01 2.026223020394665175e-01
-5.933535648573909915e-01 -2.395015189307491688e-01 2.025981610090494822e-01
-5.932893432064478834e-01 -2.404274481373589456e-01 2.025686962907327915e-01
-5.931000875990539711e-01 -2.417081225599294059e-01 2.024996002160535102e-01
-5.929065646398224976e-01 -2.426886516288162265e-01 2.024702561405199441e-01
-5.926936543834047111e-01 -2.437937549356379296e-01 2.024451726148721875e-01
-5.923830035199905142e-01 -2.450483896363536696e-01 2.023998901670368000e-01
-5.922454983020539743e-01 -2.458752449948076180e-01 2.023850293670778622e-01
-5.920426945355250492e-01 -2.469401574850211001e-01 2.023862487409959776e-01
-5.917619678729427735e-01 -2.480825737122671071e-01 2.023200485433167550e-01
-5.916324689456397001e-01 -2.488470845408863041e-01 2.023918829930529129e-01
-5.915019194872913610e-01 -2.500893556472533752e-01 2.023649337405636350e-01
-5.914340333220757806e-01 -2.511811097087709443e-01 2.023725622466915064e-01
-5.914164881759851333e-01 -2.520936922517705292e-01 2.023145845773438312e-01
-5.914875934333272411e-01 -2.531696780436187288e-01 2.022671098102264420e-01
-5.916693934129643173e-01 -2.540858107001385813e-01 2.022615325183194368e-01
-5.918200381457081605e-01 -2.553111627946570428e-01 2.022190290450966432e-01
-5.952726861626094212e-01 -2.582245746865034497e-01 2.030106648617484855e-01
-5.958315352557160827e-01 -2.689562008962341766e-01 2.032448409402183853e-01
-6.004745532690869414e-01 -2.722434417454753230e-01 2.040483423260471552e-01
-5.990529476768983175e-01 -2.771445263006841464e-01 2.039997336759075408e-01
-5.979856519591655317e-01 -2.786562376017014397e-01 2.045160609889889458e-01
-5.959141915248313826e-01 -2.780627611999582638e-01 2.052982864326126922e-01
-5.944925527341889948e-01 -2.769166920344208194e-01 2.054968489866743631e-01
-5.944120878267594721e-01 -2.779544802733243114e-01 2.048665599396876924e-01
-5.943599080961644576e-01 -2.784705087743046814e-01 2.046555637005422756e-01
-5.944236315561725048e-01 -2.825158997105628456e-01 2.039466312703258344e-01
-5.949884197678179110e-01 -2.840939790247337671e-01 2.040563181142656946e-01
-5.942343299044525740e-01 -2.868774877225394593e-01 2.043845283588569262e-01
-5.935506428387307132e-01 -2.883503151555899535e-01 2.048269188558949350e-01
-5.925296655041145666e-01 -2.897514041964445175e-01 2.048626618110399311e-01
-5.922906264156273526e-01 -2.895945546425882644e-01 2.048938128818380555e-01
-5.911749801018475470e-01 -2.913390763618626256e-01 2.046202598102619119e-01
-5.906515037552270142e-01 -2.923818021973204617e-01 2.043438048231504545e-01
-5.900788646946804050e-01 -2.945251198489641231e-01 2.042617309453362562e-01
-5.892423678922755759e-01 -2.972530081097781718e-01 2.044072186734843255e-01
-5.887830603880787050e-01 -2.983090746889179301e-01 2.045706481784317354e-01
-5.879477461045511388e-01 -2.991648717491262599e-01 2.046991664922992171e-01
-5.870341461702314190e-01 -2.998545652383483029e-01 2.047150204891543257e-01
-5.860006250390665805e-01 -3.013905246234996338e-01 2.046028617433890695e-01
-5.848986536905459444e-01 -3.038470633723067138e-01 2.043559739139737264e-01
-5.843689331114653163e-01 -3.055020616151052915e-01 2.042670962013715674e-01
-5.836998989671099425e-01 -3.066649928503296652e-01 2.045305723800803499e-01
-5.829556282376348042e-01 -3.070089706302800980e-01 2.048403170875028600e-01
-5.823651353511773987e-01 -3.074345417877766828e-01 2.048473857493345041e-01
-5.814251978884336092e-01 -3.086531251983761770e-01 2.045999014135481409e-01
-5.803865800663147168e-01 -3.103018469242878052e-01 2.042939485620573481e-01
-5.794480446598462287e-01 -3.118470824446083478e-01 2.043074139072295903e-01
-5.782109472752260393e-01 -3.132628275169155319e-01 2.045673911620689844e-01
-5.776041366785290565e-01 -3.136332791536197151e-01 2.046738277858407840e-01
-5.765579892046294175e-01 -3.143527172639055678e-01 2.047949767220755002e-01
-5.763766400656650246e-01 -3.145212180134895896e-01 2.047367588723220111e-01
-5.750179615866403138e-01 -3.160190207824520869e-01 2.044930114706322022e-01
-5.742024601180015786e-01 -3.168940920012790485e-01 2.044866511613372406e-01
-5.720355206555868266e-01 -3.189015292789874612e-01 2.044549265838498109e-01
-5.716142981662132305e-01 -3.191127506170079453e-01 2.046028846197040230e-01
-5.689372655467330731e-01 -3.212759573122029866e-01 2.045266068110645763e-01
-5.690236455435899732e-01 -3.204635331556990874e-01 2.047019465668954707e-01
-5.667388898872171010e-01 -3.221486494295596748e-01 2.045649882152592025e-01
-5.666779721966272998e-01 -3.215520863223779169e-01 2.046682493260623403e-01
-5.640156624230668880e-01 -3.238861937672541380e-01 2.045092058669180646e-01
-5.620037550580807562e-01 -3.250151233250201943e-01 2.045053683013906831e-01
-5.605567107489242140e-01 -3.255771642919855768e-01 2.044793149514475827e-01
-5.589314117996072584e-01 -3.253520188656274792e-01 2.045256414930865796e-01
-5.584104028852573398e-01 -3.249260352177756883e-01 2.046456859956501673e-01
-5.575966716787473798e-01 -3.248348560868745127e-01 2.047073877321684832e-01
-5.547133603454318385e-01 -3.257857107139640607e-01 2.046142992115316805e-01
-5.542660189216643829e-01 -3.260610223956144083e-01 2.047052175290829390e-01
-5.515207933987716915e-01 -3.269385488142213525e-01 2.046062523927978383e-01
-5.491947383887627598e-01 -3.271271243041681265e-01 2.046191796807358965e-01
-5.483615727137450824e-01 -3.274306829419201259e-01 2.046193746511189571e-01
-5.474568894395658303e-01 -3.269650019571045951e-01 2.045618550656549128e-01
-5.454505252434347362e-01 -3.264119142978593735e-01 2.045809381610062538e-01
-5.436641526272445457e-01 -3.262464064589987167e-01 2.046981184293648337e-01
-5.402618299170902638e-01 -3.260707267701558054e-01 2.047621798183629771e-01
-5.399437540053477758e-01 -3.261672192451479102e-01 2.048377709161001425e-01
-5.376512607148778988e-01 -3.260024636927260633e-01 2.047094049196378773e-01
-5.348403728204468299e-01 -3.253919205602238129e-01 2.046315535800929952e-01
-5.326119949174524804e-01 -3.245677826062594584e-01 2.046958465530810956e-01
-5.322012332233531096e-01 -3.245824521396805662e-01 2.046633394958832231e-01
-5.306370066111937289e-01 -3.233689124739717591e-01 2.047683682670426997e-01
-5.297165731205448758e-01 -3.239500820499466305e-01 2.046371482358742555e-01
-5.278089979305270463e-01 -3.229840995379993918e-01 2.047206503089382679e-01
-5.264330078627772469e-01 -3.219017762091559431e-01 2.047731067874337674e-01
-5.233730874101790720e-01 -3.221660673209567616e-01 2.048056551208090048e-01
-5.205081073768257349e-01 -3.202162738313932278e-01 2.048752352785265518e-01
-5.163689549190793038e-01 -3.203179381613232568e-01 2.049141226219101108e-01
-5.106875351468200819e-01 -3.188710752226184830e-01 2.048571771661981678e-01
-5.086571585337237300e-01 -3.170002797247084558e-01 2.048387249309165659e-01
-5.078983968069854527e-01 -3.161784305588000166e-01 2.047367482357485835e-01
-5.068299061962924235e-01 -3.148228116806119914e-01 2.046749805049081494e-01
-5.058850429802463911e-01 -3.146133541266809552e-01 2.045791737838881241e-01
-5.043562320508778729e-01 -3.137254984202129116e-01 2.046508569683725964e-01
-5.024218840767534777e-01 -3.135532626333849548e-01 2.046278704591833475e-01
-5.007240641048413821e-01 -3.121410218384977342e-01 2.048587294914793744e-01
-4.982396396065444932e-01 -3.118780196842715902e-01 2.047154140581408099e-01
-4.953609708946824508e-01 -3.107797883092284774e-01 2.048190870109331541e-01
-4.924853231040682289e-01 -3.090599615759034302e-01 2.048765024461561002e-01
-4.892738957455793347e-01 -3.079751707947844253e-01 2.047529408357793568e-01
-4.863437702091139569e-01 -3.063074500202783712e-01 2.047229454257384895e-01
-4.860159659785727171e-01 -3.062983942065570786e-01 2.046507136726223586e-01
-4.858600814446184524e-01 -3.046721670317552033e-01 2.046997557678425506e-01
-4.843378817476458598e-01 -3.049785507720006450e-01 2.046619613555093753e-01
-4.827818695025196671e-01 -3.040809429121000829e-01 2.047082133577215468e-01
-4.789608230186512827e-01 -3.033880067002290293e-01 2.047261488234401461e-01
-4.780523083756853531e-01 -3.025987345376491833e-01 2.048355102752194568e-01
-4.761006839822131131e-01 -3.016482429940948728e-01 2.048790496896641944e-01
-4.741686172504700481e-01 -3.006416857708137380e-01 2.048429999738006213e-01
-4.716145719002937109e-01 -2.997059184563401479e-01 2.048938470074924134e-01
-4.675988481868800228e-01 -2.985629201645341180e-01 2.047842946599311709e-01
-4.640100121718417348e-01 -2.977648615847356406e-01 2.045920901822560201e-01
-4.620034670896703277e-01 -2.974857294481152992e-01 2.044360031767690211e-01
-4.623578247162291044e-01 -2.976238457847316665e-01 2.044385826585447818e-01
-4.625678902012325122e-01 -2.977165447009603172e-01 2.044703840246203386e-01
-4.617517977347324609e-01 -2.975237192989585999e-01 2.046359832743001594e-01
-4.591795309817189308e-01 -2.971417868596822331e-01 2.047357018926214411e-01
-4.568161298645958546e-01 -2.969658952627904913e-01 2.047590087283615023e-01
-4.548989513173490318e-01 -2.969713608956233708e-01 2.047013291877639585e-01
-4.534020180795517163e-01 -2.972921289306723613e-01 2.044849864055063859e-01
-4.534537648029614565e-01 -2.973064285304901633e-01 2.044844982213608886e-01
-4.530797379472494835e-01 -2.976359401480969114e-01 2.043657572223464280e-01
-4.520700874936572355e-01 -2.981459593171904010e-01 2.044779055114333277e-01
-4.501403718700151546e-01 -2.988638676691479645e-01 2.045992106378714537e-01
-4.496655321391376803e-01 -2.990445428585818965e-01 2.046908855128770355e-01
-4.486112724959392395e-01 -2.996452536874427697e-01 2.046634442342086246e-01
-4.485822396271751389e-01 -2.996971441913986456e-01 2.046888759431922666e-01
-4.477520881737467318e-01 -3.005561502510795679e-01 2.045624608933863109e-01
-4.466709339620592023e-01 -3.016712056508389361e-01 2.044897763644800415e-01
-4.463038706445242587e-01 -3.020985907663634729e-01 2.044388694488347979e-01
-4.450474319226054298e-01 -3.035101359742091165e-01 2.043813409498627109e-01
-4.440706040138800992e-01 -3.048591201631626890e-01 2.044385999877544047e-01
-4.428531063428811643e-01 -3.068736874404328629e-01 2.044186733654425603e-01
-4.429320171776792159e-01 -3.071882371703714143e-01 2.045923722432467506e-01
-4.423811060421717900e-01 -3.085648684859641500e-01 2.044529180535399615e-01
-4.428895518733293457e-01 -3.086072273294419577e-01 2.047145071540976413e-01
-4.425808822288965216e-01 -3.098939781140588878e-01 2.046977322600101179e-01
-4.424697388953403032e-01 -3.109794908646936751e-01 2.047171135933927855e-01
-4.417444800583413822e-01 -3.124304024459432783e-01 2.045239889277760126e-01
-4.411603982967286508e-01 -3.146983319345947883e-01 2.044818627634963637e-01
-4.402422140217981950e-01 -3.159379128747394350e-01 2.042437829393075610e-01
-4.400210516581172793e-01 -3.168598401465959058e-01 2.041994963377857797e-01
-4.387637232210079841e-01 -3.209138604405802342e-01 2.040819670078045378e-01
-4.386214441122339158e-01 -3.226542214336733383e-01 2.040984293059933397e-01
-4.371093751815034456e-01 -3.262728699981767289e-01 2.040939860085873858e-01
-4.373516629253340060e-01 -3.270901281376797365e-01 2.043624733748586331e-01
-4.374218644366201780e-01 -3.275354144648109922e-01 2.046089758980513262e-01
-4.378844416953140417e-01 -3.271330070040897042e-01 2.048237686980830530e-01
-4.381891439749501793e-01 -3.271298147806110390e-01 2.048334491134305435e-01
-4.378391873537167966e-01 -3.284592407595298136e-01 2.045980921600984992e-01
-4.375618286064343332e-01 -3.288847530431209254e-01 2.044968443418063997e-01
-4.367567699488204003e-01 -3.308679368733787873e-01 2.042447594899160224e-01
-4.368271493443364739e-01 -3.308987617096059708e-01 2.044185090957055251e-01
-4.363618776254677978e-01 -3.327674943844132205e-01 2.045083411423171127e-01
-4.367413660550513166e-01 -3.324624388139775788e-01 2.047061690484679175e-01
-4.363220633944033811e-01 -3.343837672643788506e-01 2.046248452521441941e-01
-4.365939026819924407e-01 -3.339561463551402598e-01 2.047781959837747523e-01
-4.350338190468285293e-01 -3.377147738562203405e-01 2.041938503430489049e-01
-4.367238087895569110e-01 -3.360707538194579458e-01 2.043646809181117185e-01
-4.334643692266590964e-01 -3.408910926168347566e-01 2.039649820016804227e-01
-4.366800158659214226e-01 -3.369561816111077968e-01 2.042908664462778912e-01
-4.371536105755746693e-01 -3.367584019163184506e-01 2.046400069030415714e-01
-4.366377888206628421e-01 -3.382964819453040395e-01 2.047973414795009328e-01
-4.339986589703292985e-01 -3.426877305604293933e-01 2.045533297976090958e-01
-4.339721288908263142e-01 -3.436937478025254289e-01 2.045820568362230751e-01
-4.325077287685271110e-01 -3.458338224340871125e-01 2.043844741572611312e-01
-4.330203876501428351e-01 -3.455628501865323776e-01 2.043746639766481354e-01
-4.332572728532029238e-01 -3.456804978638934323e-01 2.044989370489988245e-01
-4.339492166271245455e-01 -3.452308239354221486e-01 2.046307713258096461e-01
-4.332952890376483568e-01 -3.465198577310788508e-01 2.045857048334588646e-01
-4.337586845561945958e-01 -3.469551767639310058e-01 2.046979301839917387e-01
-4.334386613828223878e-01 -3.477124959899300372e-01 2.045751196023651575e-01
-4.331175703965386981e-01 -3.496552259550232411e-01 2.045387807699872718e-01
-4.324364995640482823e-01 -3.505281295321522328e-01 2.044117703273831410e-01
-4.320629502024538326e-01 -3.513177768543837010e-01 2.042553157309967005e-01
-4.310751447571827266e-01 -3.537584237909224272e-01 2.042351420449939892e-01
-4.312099823623796180e-01 -3.542920543453689786e-01 2.043007324909464073e-01
-4.304737190727995766e-01 -3.560522600173987029e-01 2.043163722267392068e-01
-4.310898720842172849e-01 -3.559598600048547445e-01 2.044868505374732581e-01
-4.306475438241278986e-01 -3.568844195204739500e-01 2.045136248426345782e-01
-4.304112033062173492e-01 -3.578002629247475364e-01 2.046011454054181555e-01
-4.301320057434589450e-01 -3.591697688604681415e-01 2.045154363855302138e-01
-4.298477256525549128e-01 -3.605228572816795429e-01 2.044007689664212035e-01
-4.297706249433551062e-01 -3.614663800515998671e-01 2.043039125485241192e-01
-4.294017604134058863e-01 -3.624377457231398592e-01 2.043013643247795774e-01
-4.288385238395543420e-01 -3.639710007263813885e-01 2.043892461133074989e-01
-4.288155058978084244e-01 -3.643105642837531355e-01 2.045420301667483509e-01
-4.285027736310458857e-01 -3.655567744287522292e-01 2.045759965680225279e-01
-4.287187113099266145e-01 -3.655151476005455424e-01 2.047268813275998356e-01
-4.285840209417230984e-01 -3.669631034489935772e-01 2.046090960540907777e-01
-4.284698651437913730e-01 -3.671626700550952305e-01 2.046589612982991913e-01
-4.278065351242690273e-01 -3.692428989035254627e-01 2.044383049298543475e-01
-4.270839364086739809e-01 -3.718505260994329764e-01 2.042116985852592270e-01
-4.269959520434301048e-01 -3.725869404553160402e-01 2.043544032396273913e-01
-4.269488976938635716e-01 -3.726679046794051930e-01 2.043816362786601282e-01
-4.269448136396656879e-01 -3.721555920475826396e-01 2.046361522832421120e-01
-4.268481933131359485e-01 -3.724080944843461971e-01 2.048234223592054759e-01
-4.268293515823231021e-01 -3.724724521783089881e-01 2.048710104190240577e-01
-4.264976934558470933e-01 -3.748217529040124285e-01 2.045324830864378718e-01
-4.261747278559673280e-01 -3.767295686554965606e-01 2.042871153443486520e-01
-4.257346484580004087e-01 -3.782177525024802978e-01 2.042052758092888221e-01
-4.253192268184061153e-01 -3.790102975656371442e-01 2.044157796279449379e-01
-4.251516967014405401e-01 -3.792464313284448219e-01 2.048061114467649158e-01
-4.251147504499952490e-01 -3.795794622748300817e-01 2.049324142500847934e-01
-4.251295577064997944e-01 -3.806382905329062649e-01 2.046480803211769561e-01
-4.251043248311287548e-01 -3.806310864179877629e-01 2.046777681623110079e-01
-4.244785030817114779e-01 -3.822025307027277496e-01 2.043126048589108124e-01
-4.246417352310623006e-01 -3.821527785059287141e-01 2.045143010431800801e-01
-4.233454027258345409e-01 -3.845039754896252271e-01 2.044221362388633501e-01
-4.236118701482212701e-01 -3.856135850923299579e-01 2.043987552197952806e-01
-4.232120314665642757e-01 -3.872911833029087925e-01 2.043932324093970798e-01
-4.235692294777959610e-01 -3.876493890721461333e-01 2.044971241317048438e-01
-4.237557447638236607e-01 -3.881589938171266518e-01 2.046299275644571369e-01
-4.231848739441431695e-01 -3.894481246903832572e-01 2.046267290481996737e-01
-4.223815936960662043e-01 -3.911863797888827099e-01 2.045103597523081906e-01
-4.220754381147059919e-01 -3.923446871463415753e-01 2.044770602164575346e-01
-4.220116639919592738e-01 -3.929357460538125402e-01 2.044953767279508172e-01
-4.220825720657033764e-01 -3.934318445045397183e-01 2.045337229375643329e-01
-4.219297710477108443e-01 -3.941266410458759695e-01 2.045246198923029723e-01
-4.218659398333134969e-01 -3.945058359230934064e-01 2.045353084072573102e-01
-4.214801128481388548e-01 -3.959675303399022295e-01 2.044864751161607763e-01
-4.212650214415802896e-01 -3.966181570409637036e-01 2.044732802877204381e-01
-4.207740345074815203e-01 -3.986049605056166123e-01 2.044349922513833129e-01
-4.205810252293113449e-01 -3.999118822088574277e-01 2.045061534363932509e-01
-4.204165618230610857e-01 -4.007940590844795148e-01 2.046704759137520091e-01
-4.201200693999856406e-01 -4.014578978044321400e-01 2.046194273096599847e-01
-4.199670800125346326e-01 -4.018070545261537285e-01 2.046823248294798170e-01
-4.197209830009430709e-01 -4.031375543111959114e-01 2.045221662612211611e-01
-4.193977857953158916e-01 -4.051210116082131774e-01 2.042896913329269593e-01
-4.191298274593316386e-01 -4.066357694540342349e-01 2.042874610705403826e-01
-4.187394580454789073e-01 -4.074521492630332475e-01 2.045366511950067467e-01
-4.183709543345750514e-01 -4.080286107388694794e-01 2.048015158931005830e-01
-4.181784090157558142e-01 -4.084641617300191485e-01 2.048259533747153749e-01
-4.180783248910520666e-01 -4.094104535389833099e-01 2.047824532690419308e-01
-4.178813666736806987e-01 -4.108270372244962609e-01 2.044317783278625233e-01
-4.176433763695354684e-01 -4.123344052775825275e-01 2.042714083716318796e-01
-4.172466335773153401e-01 -4.138567257672232103e-01 2.042941134825482785e-01
-4.168603058881198420e-01 -4.149514473936800063e-01 2.044975841121478566e-01
-4.165773050126549970e-01 -4.157147061038379277e-01 2.047169177396166162e-01
-4.164371475525450728e-01 -4.163973854346716408e-01 2.047075775627687499e-01
-4.163255562751269068e-01 -4.172415407481609440e-01 2.046470732252202440e-01
-4.160360331670487355e-01 -4.183860949816451957e-01 2.044245492353702065e-01
-4.158759044708997266e-01 -4.189810675500050263e-01 2.043786179477257159e-01
-4.156178964867132120e-01 -4.200736489869608681e-01 2.044585192513869443e-01
-4.154454715868065029e-01 -4.209315485033102711e-01 2.045403655456671521e-01
-4.152089378073223203e-01 -4.220644396612862614e-01 2.046475847263503900e-01
-4.149765189776734586e-01 -4.229380346324067563e-01 2.045619497756917260e-01
-4.147602975062515962e-01 -4.236331468016647506e-01 2.045052358563451134e-01
-4.147537930793313010e-01 -4.239972407076518235e-01 2.044568671134059656e-01
-4.145813096814994214e-01 -4.245791558266194254e-01 2.044808771167100636e-01
-4.144649973420604372e-01 -4.251091534938623573e-01 2.044243293459109823e-01
-4.144132062100118752e-01 -4.257704322699926713e-01 2.044693015336147834e-01
-4.141252741588442032e-01 -4.269154612414366445e-01 2.043708781653752748e-01
-4.139314028717619998e-01 -4.276096601403391873e-01 2.044383876016873658e-01
-4.135062430010756906e-01 -4.287580828864368532e-01 2.044947373056803241e-01
-4.136058645744374873e-01 -4.288797273932215548e-01 2.045793051050670552e-01
-4.132161974173538810e-01 -4.299810835818867472e-01 2.045799187946667486e-01
-4.130961661870660717e-01 -4.303910749185874129e-01 2.046328199735054365e-01
-4.129189152089586257e-01 -4.313596725007610155e-01 2.045384531016244123e-01
-4.128511261034277791e-01 -4.317195678173625928e-01 2.045615845872366667e-01
-4.127204446211519828e-01 -4.326297605820551007e-01 2.045104014146393867e-01
-4.124307334361480559e-01 -4.336295518073737809e-01 2.045102578520675840e-01
