0.000000000000000000e+00 0.000000000000000000e+00 0.000000000000000000e+00
-4.600971150056901715e-01 1.148726128735631652e-01 2.045609415604149606e-01
-4.600970963378461787e-01 1.148725717720343181e-01 2.045609457578990154e-01
-4.600977997068576020e-01 1.148693292725595505e-01 2.045607956003049899e-01
-4.601037521473421710e-01 1.148447922062852539e-01 2.045606050740368942e-01
-4.601858539463810627e-01 1.147848106492272979e-01 2.045517593377911003e-01
-4.603336218005051328e-01 1.146919881034524913e-01 2.045271367915520999e-01
-4.606442980096417394e-01 1.146076136555119473e-01 2.045459307236678070e-01
-4.612040644023923663e-01 1.143222523840867616e-01 2.045882864910408827e-01
-4.617962927893670688e-01 1.140223992742696313e-01 2.046211759780479367e-01
-4.620429456912929500e-01 1.138449876140668893e-01 2.046198470157715998e-01
-4.623162857927615721e-01 1.136594916901798313e-01 2.046012617198151584e-01
-4.628993465948953445e-01 1.134018484452640613e-01 2.045778660631755452e-01
-4.638588337930937278e-01 1.128862955933669782e-01 2.045694240640607287e-01
-4.646627418824857414e-01 1.123508042896006892e-01 2.044774375346584683e-01
-4.654669293961403720e-01 1.120181164717962280e-01 2.045170591170269170e-01
-4.664819815886778742e-01 1.115516936013661309e-01 2.044946255779294952e-01
-4.679838207870883893e-01 1.104584031670002159e-01 2.044727335023752701e-01
-4.691140854495923773e-01 1.099596960029518566e-01 2.044532102698100595e-01
-4.706723627784104025e-01 1.093938234450097385e-01 2.044900462975382804e-01
-4.721626207953090182e-01 1.081639634583296122e-01 2.043600300801219627e-01
-4.740835304821047758e-01 1.067620492943375521e-01 2.042967090604876357e-01
-4.762488024645862295e-01 1.055239529251554981e-01 2.043070272502413853e-01
-4.771838499524335142e-01 1.052342198058435624e-01 2.043812086335061451e-01
-4.792328052210646505e-01 1.043934476560790525e-01 2.046263620829503194e-01
-4.803273342688734737e-01 1.039481769260806460e-01 2.047007973378334178e-01
-4.815320058852814999e-01 1.030261393576084594e-01 2.046338710871878908e-01
-4.821363341573626227e-01 1.028472843516018004e-01 2.045472317434181564e-01
-4.834505804575676691e-01 1.019650680546023563e-01 2.044111181145157052e-01
-4.837818610175089740e-01 1.020382740982611752e-01 2.045585274317929803e-01
-4.855340425113940928e-01 1.003704446720205951e-01 2.044038281847068428e-01
-4.866576422464810592e-01 1.003559467949165090e-01 2.046937674836318832e-01
-4.877795493957843287e-01 9.842876083042653712e-02 2.041901446912693929e-01
-4.882385966612435291e-01 9.950681114542415939e-02 2.046406164860915255e-01
-4.890732808581028102e-01 9.825275867451219169e-02 2.042972188446946780e-01
-4.903995705180446141e-01 9.706923474026117604e-02 2.045638383366835678e-01
-4.916823931114042145e-01 9.683409653083323299e-02 2.044547962848646538e-01
-4.928227730486941516e-01 9.586646641536582247e-02 2.047527730336484719e-01
-4.928048858948808619e-01 9.673589251509989717e-02 2.044557236292767199e-01
-4.938971297394117443e-01 9.527589577391530618e-02 2.045493509251052333e-01
-4.940882185258570480e-01 9.577258813539621385e-02 2.044303307541258385e-01
-4.948495979139662104e-01 9.562923060748522441e-02 2.045272125226464954e-01
-4.956722590009596252e-01 9.423762605547307547e-02 2.045334450103992174e-01
-4.963477104187117295e-01 9.477286698948393651e-02 2.045247260988916072e-01
-4.973118985210469023e-01 9.279639116947774324e-02 2.045161598574328776e-01
-4.975724275785107231e-01 9.387384236519903669e-02 2.045493744580221540e-01
-4.982961795281960482e-01 9.297836233901941860e-02 2.044605523046262863e-01
-4.989421351998946652e-01 9.202498575967428540e-02 2.045224796763126518e-01
-4.991714005714147917e-01 9.409268938472527266e-02 2.046287227155736688e-01
-5.006644320325113195e-01 9.225599650744462088e-02 2.046346546734379990e-01
-5.007317663349939441e-01 9.363272565344812892e-02 2.046405204710816939e-01
-5.014695765547249051e-01 9.275865934284868719e-02 2.045022087520402543e-01
-5.022931362797030674e-01 9.063122915369391241e-02 2.045180960291153316e-01
-5.031249847568312061e-01 9.059239503862637211e-02 2.042028030526072679e-01
-5.039384126019419430e-01 8.961387099711269622e-02 2.043681821431169443e-01
-5.046066275279298408e-01 8.996636863869630907e-02 2.042835802225054231e-01
-5.049827318782749153e-01 9.060821375821932755e-02 2.044877137677418022e-01
-5.061331956632924012e-01 9.025424053881453412e-02 2.046742036952248767e-01
-5.068499624836285689e-01 9.038240535487544747e-02 2.046058799536986383e-01
-5.075077334614261915e-01 8.953271285231931276e-02 2.047209802201344075e-01
-5.087927395994485957e-01 8.909754473640052463e-02 2.046093146837894561e-01
-5.106567013769729435e-01 8.820781662451523952e-02 2.045790360098164451e-01
-5.112174035282813778e-01 8.824949825549942284e-02 2.044775008230063085e-01
-5.122804422256411749e-01 8.667740844965192426e-02 2.042353116979696848e-01
-5.128190368768394958e-01 8.721375395645734885e-02 2.043406644320310828e-01
-5.133084298882839569e-01 8.656114264453855511e-02 2.042663089976432256e-01
-5.142822655910131990e-01 8.582872307721137184e-02 2.044519425482735908e-01
-5.157898610515954108e-01 8.516509208965167277e-02 2.044754477339811860e-01
-5.171535437438714577e-01 8.452992877952911210e-02 2.047363247154191934e-01
-5.178791620603271362e-01 8.419482466527657138e-02 2.045174755182161963e-01
-5.188071066783396246e-01 8.366534650670677531e-02 2.044546331022418506e-01
-5.194736262701975527e-01 8.283145059163438129e-02 2.042477992020933220e-01
-5.202745415758857073e-01 8.231225623703174177e-02 2.043983421493807406e-01
-5.210031457180257508e-01 8.182073845794005096e-02 2.045826318370282670e-01
-5.221069918029299650e-01 8.039613033965503641e-02 2.045725783407819076e-01
-5.227671499611787898e-01 7.991290783901719430e-02 2.046517502909242781e-01
-5.237335857375087222e-01 7.882557056347642976e-02 2.045328153306585905e-01
-5.237744068322688351e-01 7.954432374662868954e-02 2.046601106507013601e-01
-5.248798757175421326e-01 7.836710238209489143e-02 2.044864159540474846e-01
-5.247978396754815478e-01 7.915235605338435954e-02 2.046423211395072550e-01
-5.257856837477086209e-01 7.826822285566460702e-02 2.044615619654640282e-01
-5.259735806504913791e-01 7.878821143201872323e-02 2.046211401797019269e-01
-5.267602922211687133e-01 7.813859319811972126e-02 2.044457906952739934e-01
-5.276035229258722037e-01 7.822689621776315883e-02 2.045936377100394110e-01
-5.282385201481222259e-01 7.779975738001895791e-02 2.044509338867401549e-01
-5.290797499026910211e-01 7.797643126102671296e-02 2.045169521252991618e-01
-5.297682732227604330e-01 7.744599583915644236e-02 2.043750991127615824e-01
-5.305009472554790273e-01 7.768034787103615668e-02 2.044475408691319440e-01
-5.316504874648314560e-01 7.714079462100968676e-02 2.043110586495234526e-01
-5.327693797182997404e-01 7.695758714604436501e-02 2.043288413227739297e-01
-5.333558597114964606e-01 7.674201640310254757e-02 2.042696727224399822e-01
-5.345706355081041306e-01 7.628255764170473185e-02 2.041575949446709226e-01
-5.355487071887808925e-01 7.597303127300127079e-02 2.041542977828667282e-01
-5.363372265094118463e-01 7.573463337378474880e-02 2.041130290609393938e-01
-5.370937144111312955e-01 7.548047144437176892e-02 2.040852409858646410e-01
-5.380163455251175675e-01 7.515536205322326246e-02 2.040793980787222184e-01
-5.389224064633618694e-01 7.497946532158776545e-02 2.040275404019579464e-01
-5.391956572641706247e-01 7.474069514499415146e-02 2.040106377988310793e-01
-5.401869513130975742e-01 7.431561384597801245e-02 2.039138735658045654e-01
-5.407893974349050614e-01 7.411513644730165218e-02 2.039491743706261795e-01
-5.417715365676664119e-01 7.356654851731242450e-02 2.038978164905123347e-01
-5.426102489534315731e-01 7.320539133374759366e-02 2.038881271042360388e-01
-5.432394363476554799e-01 7.293851461135839043e-02 2.039151968029140061e-01
-5.439869319036791939e-01 7.250412977060506636e-02 2.038661237939302373e-01
-5.450916367047486943e-01 7.186158613172055620e-02 2.038713167519065339e-01
-5.456739355663833280e-01 7.166136720879572042e-02 2.038391733341698986e-01
-5.466276662145541643e-01 7.082130077841963800e-02 2.038020599411418388e-01
-5.476869786625354619e-01 6.967577838034881565e-02 2.036739497481394323e-01
-5.485669562121193721e-01 6.906011194277492105e-02 2.037468882022596406e-01
-5.494781940427495570e-01 6.798908870745143385e-02 2.037363823875230073e-01
-5.503557101427952736e-01 6.673044787680253165e-02 2.036894219668261008e-01
-5.508034465625689657e-01 6.603603012609915446e-02 2.037357705732657509e-01
-5.512861849772806577e-01 6.463790977798050674e-02 2.036272696729563292e-01
-5.516155657316421657e-01 6.371751473857505121e-02 2.037288477128164077e-01
-5.519256866626263136e-01 6.237232742169465660e-02 2.036379398509814698e-01
-5.521170878458976361e-01 6.167655490759326592e-02 2.037355605105542478e-01
-5.525090194470114735e-01 5.976332726225926095e-02 2.037153446225792308e-01
-5.528149337698355925e-01 5.829745144775067001e-02 2.037580738783169310e-01
-5.530042225026242653e-01 5.739900651978028373e-02 2.037750310263169162e-01
-5.533031463343879297e-01 5.603741636594388592e-02 2.038513753192632838e-01
-5.533727989050978291e-01 5.532017942741884742e-02 2.037742651333480370e-01
-5.536140494684164137e-01 5.393094072795188293e-02 2.038711190099833648e-01
-5.537834972166039149e-01 5.260144833618794064e-02 2.037937095577529723e-01
-5.539607504028914997e-01 5.146413600206715955e-02 2.038034320543954114e-01
-5.541665098547173818e-01 5.010760522860900623e-02 2.037396748663855284e-01
-5.545175587804139772e-01 4.870700091472775217e-02 2.038042123048558751e-01
-5.546951122312642202e-01 4.782818166086249406e-02 2.037154108514316886e-01
-5.548923020700439190e-01 4.722963686177887588e-02 2.037903557256674769e-01
-5.552402089627831439e-01 4.613223485635894322e-02 2.037247388828672401e-01
-5.553283572383016509e-01 4.572566801997511587e-02 2.037291745410310662e-01
-5.557862736544482152e-01 4.420236604273447556e-02 2.036314982415783070e-01
-5.559205845467516394e-01 4.398794949898484491e-02 2.036666087895256383e-01
-5.564488947021194454e-01 4.252249952038529568e-02 2.036697931428926300e-01
-5.568198700056476991e-01 4.141963718319042337e-02 2.035616363477883439e-01
-5.572796629053593520e-01 4.037794404604728993e-02 2.036035428250733414e-01
-5.576670740507634338e-01 3.939911807267965776e-02 2.035728374172759148e-01
-5.582052415269969092e-01 3.833199362696668860e-02 2.036029872797271156e-01
-5.584780607253800877e-01 3.772259042983745758e-02 2.035865726167597478e-01
-5.589056460556126593e-01 3.665086439710505545e-02 2.035260455257995038e-01
-5.592576427687032670e-01 3.564606579295161864e-02 2.034489193195351819e-01
-5.597810106517079332e-01 3.412711371663122023e-02 2.033893304442255523e-01
-5.600047343827149193e-01 3.356935825067179635e-02 2.034103688835065260e-01
-5.603434879371421706e-01 3.230586775606564265e-02 2.033861213999772488e-01
-5.605737739328054969e-01 3.112072659306315200e-02 2.033935803503466588e-01
-5.607174179356627652e-01 2.993503043795843130e-02 2.033498175330861746e-01
-5.607490284714994333e-01 2.884776469765651732e-02 2.033503773496441180e-01
-5.606993511510967032e-01 2.795993543456766484e-02 2.033827120470038108e-01
-5.605651276022315388e-01 2.695804090436101225e-02 2.033357399625108641e-01
-5.604925848843357317e-01 2.649276477435855842e-02 2.033957848726016260e-01
-5.602458142091569782e-01 2.538255452208412755e-02 2.033765697778417980e-01
-5.601784137058472002e-01 2.513418337802965016e-02 2.034048859434375023e-01
-5.598779156493749465e-01 2.396150018586839375e-02 2.033962197297218832e-01
-5.595328454205122926e-01 2.266325404875627753e-02 2.033893873746821790e-01
-5.588341293259558862e-01 1.992131696503503246e-02 2.036610484393411302e-01
-5.557498832037883751e-01 7.837342676207642578e-03 2.047708212528362992e-01
-5.557637502220189596e-01 7.891570899596965158e-03 2.047279443426248680e-01
-5.556326891971076209e-01 2.934681393828022893e-03 2.047192323148621651e-01
-5.559232566680003540e-01 3.142834194407531472e-03 2.046076188825187436e-01
-5.561380950031302728e-01 4.941951897270181748e-03 2.044791001568040945e-01
-5.561991429615700255e-01 6.202574836844732160e-03 2.045346679349190344e-01
-5.558240665155280702e-01 5.104948327013299897e-03 2.046086501730063900e-01
-5.553198171509006187e-01 2.066207920789467269e-03 2.046366956660711500e-01
-5.552302276311824603e-01 1.597744379815711118e-03 2.046062645306033212e-01
-5.550167730926981458e-01 3.729645940725403899e-04 2.045053853201101723e-01
-5.549067736447353960e-01 -4.140489535140325734e-04 2.045219980890249645e-01
-5.545653584046374984e-01 -1.551204875825411365e-03 2.045274985510892041e-01
-5.544930161311664163e-01 -1.873812816213837711e-03 2.046183742031866259e-01
-5.539233675038455207e-01 -3.339474482700340030e-03 2.046808124140448715e-01
-5.531181712825734564e-01 -5.391700539465423860e-03 2.046219149915878555e-01
-5.529148685287088583e-01 -6.063803242946946837e-03 2.045605041655598200e-01
-5.526157551148250802e-01 -6.845863233513129614e-03 2.045117661132278275e-01
-5.526751704528949372e-01 -6.842990307148225440e-03 2.045145341453435961e-01
-5.523204996054899008e-01 -7.844284275362786371e-03 2.045702132104407212e-01
-5.520028648741444055e-01 -8.750437174518274630e-03 2.046092030366300774e-01
-5.513746132158966473e-01 -1.040875121175206461e-02 2.045430547379347153e-01
-5.505948917695924205e-01 -1.244563448829515140e-02 2.045031121653495265e-01
-5.505580075880991409e-01 -1.258955062883367060e-02 2.045039372004895939e-01
-5.502847989448816923e-01 -1.320751710520368279e-02 2.045544948420500719e-01
-5.499794028513915745e-01 -1.417274401950097996e-02 2.046900932218630731e-01
-5.497980664881876312e-01 -1.480969511077237684e-02 2.046749164070142402e-01
-5.497840032822082224e-01 -1.487261811372419563e-02 2.046974286436831769e-01
-5.494899885428040642e-01 -1.578986400776222904e-02 2.045510574154709160e-01
-5.488612377564952016e-01 -1.761405098914496994e-02 2.043896177654559443e-01
-5.486342358382869655e-01 -1.854707787479839901e-02 2.044533572665025167e-01
-5.482362624755268143e-01 -1.973850392216821778e-02 2.046128275847181877e-01
-5.477800765805256322e-01 -2.097230287570256771e-02 2.047207933019000725e-01
-5.477398969734642575e-01 -2.119500738148902622e-02 2.047106592931494939e-01
-5.475461980557226882e-01 -2.195933183043797046e-02 2.045579351315680583e-01
-5.473315355459275056e-01 -2.322998250954113469e-02 2.044238801213645318e-01
-5.470355973593759025e-01 -2.455136422699599405e-02 2.044397602335099040e-01
-5.467024765401085062e-01 -2.571598828786113636e-02 2.045450220658495410e-01
-5.463672171101386921e-01 -2.676109960088117121e-02 2.047055053365797739e-01
-5.463312691763639872e-01 -2.676632659113161589e-02 2.046835858993474866e-01
-5.461664579874662140e-01 -2.744536822391243497e-02 2.047245664564463496e-01
-5.460747647210755229e-01 -2.792595602126075882e-02 2.045770894544581275e-01
-5.458936684741140244e-01 -2.912529107872385836e-02 2.045499202323534382e-01
-5.457837188685031871e-01 -2.991548669043623057e-02 2.044124355684293348e-01
-5.455902607925279257e-01 -3.119685407106290859e-02 2.044533202901239466e-01
-5.453111990114360985e-01 -3.234366752868158418e-02 2.044331867153083848e-01
-5.449121236658257539e-01 -3.421149816830915125e-02 2.045453207011675711e-01
-5.445235590302247575e-01 -3.614070705282922125e-02 2.046783919507109140e-01
-5.444892773806681019e-01 -3.640097199397664823e-02 2.046691432747894668e-01
-5.443577301771610477e-01 -3.721308285362174423e-02 2.046759018097394911e-01
-5.444112852612077447e-01 -3.717967033899111789e-02 2.046108066375503798e-01
-5.444144773866799181e-01 -3.779680357001088953e-02 2.046487059154154242e-01
-5.444381210931366066e-01 -3.811101017124358253e-02 2.045643976788970309e-01
-5.445365504146748581e-01 -3.904934860519027051e-02 2.045716955278399085e-01
-5.446653443508130410e-01 -3.993744272640709081e-02 2.044900816543794853e-01
-5.448647086827430597e-01 -4.078854158685842057e-02 2.045009736758918728e-01
-5.448962496152739421e-01 -4.107549156815791525e-02 2.044801074431119581e-01
-5.449710523617984359e-01 -4.182042926829983298e-02 2.044442799814119582e-01
-5.451423368366135058e-01 -4.277864677194433835e-02 2.043770586396825573e-01
-5.452793112867461156e-01 -4.338503138217359584e-02 2.044004685753335604e-01
-5.454956301128642826e-01 -4.427620375377983725e-02 2.043306084411238843e-01
-5.457924509698383053e-01 -4.582395082753451532e-02 2.042168160606142036e-01
-5.461582000263284220e-01 -4.678533395128259970e-02 2.042400469893874970e-01
-5.464736458653630669e-01 -4.795136087183442253e-02 2.042248736774725515e-01
-5.468304398218052365e-01 -4.883353635885515076e-02 2.041893892696488855e-01
-5.469815349450986020e-01 -4.963471795630090139e-02 2.041143445130140233e-01
-5.474198850401511551e-01 -5.044888732827525896e-02 2.041349473947791093e-01
-5.477764426614989413e-01 -5.168909791554460176e-02 2.040826629134438464e-01
-5.480885330196072491e-01 -5.235105737154990141e-02 2.039451647625948327e-01
-5.488455633865539918e-01 -5.418080052465741592e-02 2.039514063796970256e-01
-5.488455774986779057e-01 -5.418081619543961558e-02 2.039514146463194955e-01
-5.497441194252143948e-01 -5.634175925635871024e-02 2.039123073471676428e-01
-5.499464144844722346e-01 -5.689900040093161249e-02 2.038599154352671028e-01
-5.508830261015861263e-01 -5.911728874215281537e-02 2.038062436212201289e-01
-5.517366152563930592e-01 -6.105457245019196150e-02 2.037217686952708107e-01
-5.425408015719112020e-01 -6.605679331977359903e-02 2.045257586602838851e-01
-5.331567350089020385e-01 -7.030517567970115400e-02 2.053556376910736780e-01
-5.294166864491745006e-01 -7.226462450321362307e-02 2.053390383498460980e-01
-5.324097622407550912e-01 -7.257891317203463144e-02 2.043681087882224801e-01
-5.363748955350117198e-01 -7.314414136427178914e-02 2.035725452023318949e-01
-5.383590349838436317e-01 -7.446892957367097499e-02 2.036236899977036385e-01
-5.382640869372186110e-01 -7.565323061834161589e-02 2.037514991835742140e-01
-5.354783541529699598e-01 -7.848541994668069288e-02 2.046582602266635853e-01
-5.308857404353629628e-01 -8.268199420404909183e-02 2.055050829426599557e-01
-5.289051207466251014e-01 -8.551023313049567476e-02 2.053342436653067260e-01
-5.296626351478694872e-01 -8.647798411087273540e-02 2.047597698718184867e-01
-5.316826718967279097e-01 -8.669432770009988243e-02 2.044676706726655524e-01
-5.319896023471576418e-01 -8.733284190691573134e-02 2.043096557293817006e-01
-5.309759846066733902e-01 -8.977941498111827179e-02 2.044164039758476492e-01
-5.298118171283949795e-01 -9.248005873124444387e-02 2.045422911625457973e-01
-5.293123289824308575e-01 -9.355614428645207814e-02 2.046304910248208653e-01
-5.288959155458853312e-01 -9.633542641400266726e-02 2.045902825514400447e-01
-5.289556236147786583e-01 -9.616500699596039481e-02 2.046569137570732888e-01
-5.288006474441842020e-01 -9.895861799942040626e-02 2.045747795655022960e-01
-5.285740324378186417e-01 -1.035800038378698329e-01 2.044343942799755898e-01
-5.284012782510265627e-01 -1.046836883035609095e-01 2.043343574394554385e-01
-5.282007047488442852e-01 -1.064529504540696336e-01 2.041820130696005153e-01
-5.284490680801531282e-01 -1.053523503424399488e-01 2.044333893682304393e-01
-5.283439243500724913e-01 -1.076357655514998540e-01 2.044044242207654627e-01
-5.290741773288513139e-01 -1.064731001511402958e-01 2.048461784592709445e-01
-5.287432268014989889e-01 -1.107097009046785485e-01 2.043765567559148455e-01
-5.294850009703981897e-01 -1.103401749239198565e-01 2.045829429388310583e-01
-5.305044709423416549e-01 -1.125657808697299866e-01 2.046586420479630242e-01
-5.306712856047181015e-01 -1.126126797752923653e-01 2.047012800735054650e-01
-5.315666735524816611e-01 -1.165083346683511295e-01 2.044620893781042836e-01
-5.323888103232102820e-01 -1.182332759020124080e-01 2.042073309095857880e-01
-5.330154803353907011e-01 -1.206110789087132540e-01 2.041423905449414877e-01
-5.337256727009906943e-01 -1.209831537736679591e-01 2.042971334069870193e-01
-5.347286140728971793e-01 -1.219010491968783999e-01 2.044793491295698318e-01
-5.355782456356509291e-01 -1.213259150393497382e-01 2.046644144701674495e-01
-5.372118644703979262e-01 -1.231382270923701144e-01 2.045698539915604963e-01
-5.386271384155769670e-01 -1.233072407569228007e-01 2.047064689387934622e-01
-5.401377255410966249e-01 -1.259237863631361698e-01 2.042192648976545177e-01
-5.422478782989417212e-01 -1.259713725297613440e-01 2.044990328214734421e-01
-5.445054538016800283e-01 -1.277184122757571150e-01 2.045040934379067643e-01
-5.457905750875454709e-01 -1.280178727039659459e-01 2.046723330504106597e-01
-5.482381003597296409e-01 -1.301293270883683018e-01 2.044455552154034739e-01
-5.486665095359158917e-01 -1.299860291163476844e-01 2.046028190263269875e-01
-5.496952282170847193e-01 -1.324493238247809457e-01 2.042188892594523353e-01
-5.516623699524927371e-01 -1.323702089645828750e-01 2.043216808534837337e-01
-5.560959594168566333e-01 -1.330480938284389070e-01 2.044723570467923135e-01
-5.598547296636090520e-01 -1.343505673541090240e-01 2.044121185747772573e-01
-5.620172566116482527e-01 -1.342974482297943084e-01 2.045642664817541867e-01
-5.632005023368287233e-01 -1.355732245658146928e-01 2.045025065565732603e-01
-5.640028409785634578e-01 -1.358983941866351297e-01 2.044771535950271335e-01
-5.669978675721419892e-01 -1.368338728897504075e-01 2.044557099403965239e-01
-5.685402954572240652e-01 -1.372418561842835005e-01 2.045524835943537401e-01
-5.711579181763729585e-01 -1.379693221175087303e-01 2.045685231978517649e-01
-5.738686675885000810e-01 -1.390639330498680826e-01 2.044037370332100756e-01
-5.754463969105725329e-01 -1.390780061686879288e-01 2.044428155424730942e-01
-5.772487573589513143e-01 -1.399545084371910109e-01 2.042297454588809791e-01
-5.782790120162366598e-01 -1.394919032032328754e-01 2.044907766215937062e-01
-5.801246083079678595e-01 -1.410833910893353194e-01 2.041286476583049625e-01
-5.831150384901442330e-01 -1.420041114190057074e-01 2.041151459043520633e-01
-5.867676719521667250e-01 -1.427483422768475729e-01 2.042045239244552335e-01
-5.897763830593246714e-01 -1.432934490155270413e-01 2.044311461981848654e-01
-5.904203627371373830e-01 -1.432751973380318178e-01 2.044634809842683920e-01
-5.916838639572432612e-01 -1.437417573330897758e-01 2.046970120677266414e-01
-5.918399834126386594e-01 -1.439325240589993116e-01 2.045335319624468906e-01
-5.930722486868591492e-01 -1.445549582481454598e-01 2.044959509922683605e-01
-5.948038293744498661e-01 -1.451263007081349532e-01 2.043655576613412073e-01
-5.949538249320908134e-01 -1.466302376474544200e-01 2.042268505805311940e-01
-5.951071334001614144e-01 -1.456585423369327614e-01 2.043259353720235649e-01
-5.952599840891488192e-01 -1.467731694706685963e-01 2.042839030406429501e-01
-5.953404761613675378e-01 -1.463286318533138231e-01 2.042162312386583134e-01
-5.951845718762350801e-01 -1.474897315895029870e-01 2.042301639204881225e-01
-5.952913743032348659e-01 -1.473126387358607015e-01 2.041064966794401137e-01
-5.952389695219865162e-01 -1.482559404244933043e-01 2.041870881812081762e-01
-5.952707381266317821e-01 -1.484755388448195657e-01 2.041023009604901184e-01
-5.952312654101442613e-01 -1.490348458841014578e-01 2.041059450214992022e-01
-5.952722642118111196e-01 -1.494547667476630037e-01 2.040477226734090099e-01
-5.951612435603703677e-01 -1.504737371309199656e-01 2.039775574298493821e-01
-5.951225333706705589e-01 -1.515035485507683910e-01 2.039086758183653869e-01
-5.950950851930302266e-01 -1.523170049082161748e-01 2.039155870545625582e-01
-5.950759653348940414e-01 -1.531518787625588129e-01 2.039237349035427083e-01
-5.950277087589053160e-01 -1.534285652614266471e-01 2.038929437270308176e-01
-5.950638059465996887e-01 -1.543589380880895923e-01 2.038985167892143346e-01
-5.950587708221025673e-01 -1.546256015848050946e-01 2.039262963919746263e-01
-5.951012628588980835e-01 -1.557663836933131374e-01 2.037973326427671428e-01
-5.951663779044447100e-01 -1.559859073378543903e-01 2.039041619475292777e-01
-5.951958205859873008e-01 -1.572822078546474156e-01 2.037095426890371264e-01
-5.953516798262860066e-01 -1.586521995880472713e-01 2.036647273012092973e-01
-5.954000026890300390e-01 -1.597546177015773949e-01 2.036928950146999484e-01
-5.954758492215670440e-01 -1.604336115854200773e-01 2.036132749033068290e-01
-5.955330706106698457e-01 -1.615173703440445363e-01 2.036144593447355988e-01
-5.956547170849091355e-01 -1.630003098753632085e-01 2.035287830475922544e-01
-5.958115031950008689e-01 -1.636511693045743510e-01 2.035215154711096097e-01
-5.960225587917767909e-01 -1.656993595081700521e-01 2.033667432684956589e-01
-5.963407002344071062e-01 -1.667071116342428161e-01 2.034252461014956215e-01
-5.964881606825488403e-01 -1.685054385197551352e-01 2.032742660563187365e-01
-5.967961723910510941e-01 -1.700477817411609471e-01 2.032134168766354942e-01
-5.970409637205199571e-01 -1.713011479546003302e-01 2.031505284102382569e-01
-5.972024376751134955e-01 -1.727265850542151759e-01 2.030470899178346555e-01
-5.974832018239519815e-01 -1.735484372997271874e-01 2.030637656915957323e-01
-5.976140216427811014e-01 -1.745696397377433651e-01 2.030285144744711501e-01
-5.978026089297312495e-01 -1.764109704939601508e-01 2.028999074126150992e-01
-5.979897282807558057e-01 -1.769131260215409673e-01 2.029752878783846748e-01
-5.982322727034329324e-01 -1.779249609120973907e-01 2.029736271698413808e-01
-5.984263131919688172e-01 -1.792842852833830825e-01 2.028770119125882787e-01
-5.988296338424154985e-01 -1.814814266096311524e-01 2.027576674596868467e-01
-5.988114038883564083e-01 -1.815236021604663408e-01 2.028467777229201185e-01
-5.988164281122047017e-01 -1.833592520550213767e-01 2.026859724584890998e-01
-5.991827907392093255e-01 -1.840687138509166654e-01 2.027853976909881339e-01
-5.993025585927610477e-01 -1.862444675442106179e-01 2.025986556538665884e-01
-5.995423286857035627e-01 -1.868040692626793953e-01 2.027368855446136653e-01
-5.996713640383858346e-01 -1.888752455386302764e-01 2.026251825764538994e-01
-5.998181309124909211e-01 -1.888170941448142348e-01 2.026940578288342898e-01
-5.998298710124517763e-01 -1.906299887927938308e-01 2.025584909611006235e-01
-6.001435512842615561e-01 -1.914622010982006406e-01 2.026372613444385462e-01
-6.000268098917602710e-01 -1.927892120593735215e-01 2.025482451639467329e-01
-6.001193886547440126e-01 -1.941732558296533351e-01 2.024888494849360343e-01
-6.001960232020545627e-01 -1.951358094580867564e-01 2.024681878099366394e-01
-6.001603301509070842e-01 -1.962665373102188415e-01 2.024382573381714734e-01
-6.001658680737338436e-01 -2.048815541150218467e-01 2.026662894435586337e-01
-5.962273516113462124e-01 -2.314034952561547231e-01 2.024694501834036209e-01
-5.947354941789432248e-01 -2.453481179133391588e-01 2.024355341328455682e-01
-5.915669690472288300e-01 -2.556191812788569107e-01 2.020943093061091655e-01
-5.909007067471224728e-01 -2.566479778054033267e-01 2.029258887653214161e-01
-5.938469511626944808e-01 -2.496664366702356086e-01 2.034264650818164988e-01
-5.940401229443024178e-01 -2.495216380984537907e-01 2.032827413716506160e-01
-5.936584147865029415e-01 -2.507209453672917809e-01 2.031820652344739353e-01
-5.934079375526892797e-01 -2.519390084534170460e-01 2.031632245863202735e-01
-5.933969690561118338e-01 -2.524231543144025980e-01 2.031540195141932903e-01
-5.931685599106500950e-01 -2.537384718785172799e-01 2.030219434184142580e-01
-5.932513263717482666e-01 -2.536769869211812911e-01 2.030830232465757335e-01
-5.930739937244560167e-01 -2.550137531375877287e-01 2.029053759998547257e-01
-5.932038720744468030e-01 -2.550061699892623435e-01 2.030155526566742308e-01
-5.931683344403217983e-01 -2.563870490557379478e-01 2.028481065410930317e-01
-5.932810318158581175e-01 -2.573172592850736518e-01 2.029204590069157155e-01
-5.932726361635183299e-01 -2.578615560464890266e-01 2.027842389680760693e-01
-5.933654099773341128e-01 -2.586045344311931338e-01 2.028895515393351057e-01
-5.928703179803548329e-01 -2.618046952959940388e-01 2.043287267395885176e-01
-5.922081334176689804e-01 -2.659697634584379800e-01 2.056935875896004906e-01
-5.918330675389620321e-01 -2.682414181749437909e-01 2.057070746422601237e-01
-5.919151322300018059e-01 -2.687168701393619630e-01 2.045873831636379203e-01
-5.920324090842575826e-01 -2.692626992313459922e-01 2.033903942447647384e-01
-5.916837386406483823e-01 -2.711758312894579359e-01 2.033289483404667197e-01
-5.911433680233415533e-01 -2.737043954597312978e-01 2.040382612099129467e-01
-5.906747048367951836e-01 -2.764672188399104891e-01 2.047248633173847643e-01
-5.903808662294465215e-01 -2.785492070861588232e-01 2.050310660207892433e-01
-5.902395012697935206e-01 -2.802506166761586370e-01 2.048794984205480341e-01
-5.900057821737677566e-01 -2.816956796009475461e-01 2.045582580447531940e-01
-5.897882548026279759e-01 -2.831929455933149264e-01 2.042508311209211003e-01
-5.888473715568999234e-01 -2.865990844297979234e-01 2.041010217895690149e-01
-5.882277674888825025e-01 -2.897080815353786365e-01 2.042130795646283359e-01
-5.878206676658239704e-01 -2.919469547366861928e-01 2.044009592297638123e-01
-5.875649573767348643e-01 -2.933037380644114012e-01 2.045222817753244993e-01
-5.871817177259747167e-01 -2.951787368469280803e-01 2.045598729718287323e-01
-5.871637279762484951e-01 -2.954580009415436748e-01 2.046540850121275901e-01
-5.864811112530567971e-01 -2.983039800215395165e-01 2.045171203880609689e-01
-5.861158741312850751e-01 -3.004119613245175846e-01 2.044157620205624137e-01
-5.842711563499828342e-01 -3.055632630595891963e-01 2.042159057695851210e-01
-5.842958856891335984e-01 -3.064028750091204456e-01 2.044300938602792439e-01
-5.825364671860884247e-01 -3.098447047480196725e-01 2.042189278611151459e-01
-5.830899921411186737e-01 -3.088493757298593767e-01 2.044358280776046310e-01
-5.830051540985473624e-01 -3.091161245572194849e-01 2.046338890883106498e-01
-5.822204506238908284e-01 -3.106838003216745303e-01 2.046695243213874915e-01
-5.811724541128971966e-01 -3.128947814047967624e-01 2.045249301373058548e-01
-5.804863990942499274e-01 -3.144131867854855766e-01 2.044731603454236490e-01
-5.782730756006898565e-01 -3.185763684799619022e-01 2.042558415147461282e-01
-5.776580514878719708e-01 -3.197756518286135607e-01 2.044033446191945991e-01
-5.756501716741345698e-01 -3.222925290780969676e-01 2.045965380424152325e-01
-5.750632615709274642e-01 -3.229117252484606237e-01 2.046720005644291906e-01
-5.728995075247074187e-01 -3.251683114792284779e-01 2.047516405098145642e-01
-5.726470113849825294e-01 -3.248497601518990918e-01 2.046195662581375141e-01
-5.712596364333304422e-01 -3.253328901351966729e-01 2.044435071230986112e-01
-5.702639757298768597e-01 -3.259374583246831825e-01 2.044240981612755192e-01
-5.682827084357957581e-01 -3.273054422697950772e-01 2.044432457244487467e-01
-5.663787700722802132e-01 -3.284726887484692992e-01 2.045057604932176420e-01
-5.637356499190178116e-01 -3.297543701902071467e-01 2.047556686687722893e-01
-5.624174628468425752e-01 -3.297694873676782490e-01 2.046825904665452167e-01
-5.603370975591795977e-01 -3.302448725611741853e-01 2.049770759616261762e-01
-5.607779460048184506e-01 -3.292618140263453563e-01 2.046859774584714187e-01
-5.604169672696084348e-01 -3.288974418049002701e-01 2.045020251418279422e-01
-5.566220935461121400e-01 -3.281858258148432350e-01 2.045113088496134657e-01
-5.552229371974239935e-01 -3.281270925642567060e-01 2.045514797659358786e-01
-5.521717335605650367e-01 -3.273208122609012061e-01 2.047489565755065133e-01
-5.512821362702691186e-01 -3.273601254535846716e-01 2.047873910943367182e-01
-5.494329675072368024e-01 -3.261182296853175622e-01 2.049110439723800525e-01
-5.471747210060833311e-01 -3.252726511536452869e-01 2.047795192607748671e-01
-5.455395570504182334e-01 -3.233607900104469302e-01 2.049652580022476300e-01
-5.431731032499796941e-01 -3.225750210338907409e-01 2.049045932051241914e-01
-5.422504694105141354e-01 -3.207158671456412091e-01 2.050550222020739721e-01
-5.385289741942936859e-01 -3.201984564918819443e-01 2.048478372238015377e-01
-5.360993372091175102e-01 -3.181166947887761332e-01 2.047427789235933271e-01
-5.339000909922099192e-01 -3.172849173976007853e-01 2.048986419321437991e-01
-5.331418075192727590e-01 -3.147569881515187573e-01 2.048779955438934375e-01
-5.302573954290948910e-01 -3.136386674823845588e-01 2.050572080454318158e-01
-5.281575643596976288e-01 -3.109470617479894172e-01 2.050104072124088184e-01
-5.257881114216615970e-01 -3.066603881314787228e-01 2.051801046943672047e-01
-5.230469900687250151e-01 -3.036785783875708966e-01 2.051811166454139412e-01
-5.202797172619041399e-01 -3.023133321577072263e-01 2.050052549464827234e-01
-5.183557641620235579e-01 -3.009069348887067341e-01 2.048103389840182920e-01
-5.159155002518998057e-01 -2.999365769227799183e-01 2.047673611613293754e-01
-5.155704202851233431e-01 -2.981842324270427280e-01 2.047075590887226793e-01
-5.125435326463002594e-01 -2.933625216211471209e-01 2.049530932523515037e-01
-5.087384845171951664e-01 -2.882791125170209301e-01 2.053042217390960433e-01
-5.062852424586404831e-01 -2.878345797481851043e-01 2.050739265556523194e-01
-5.039389935612151872e-01 -2.864193233637274960e-01 2.048199956506867869e-01
-5.020237684263778588e-01 -2.853463647018122384e-01 2.044918872667932930e-01
-5.000878415305267666e-01 -2.829238101999353439e-01 2.046240614810648506e-01
-4.983276089397952746e-01 -2.798380753199919413e-01 2.047314846901023555e-01
-4.977864392870050558e-01 -2.779638218278160378e-01 2.050099084942113570e-01
-4.950318861422550731e-01 -2.754396583007092114e-01 2.050826531173633449e-01
-4.929926028248770020e-01 -2.726589783398109534e-01 2.050578938880574520e-01
-4.908570714877127927e-01 -2.702793336304983307e-01 2.052013928631405415e-01
-4.894657127301616506e-01 -2.684140178854824144e-01 2.050571823521415704e-01
-4.865325559481717965e-01 -2.666105526434550677e-01 2.050982331715440476e-01
-4.823240290984541212e-01 -2.637818252859693846e-01 2.048184912624650134e-01
-4.824531906114820634e-01 -2.639133520471411143e-01 2.048399930807649483e-01
-4.818914945275586392e-01 -2.632829541100920601e-01 2.048018071187982514e-01
-4.812834443344667923e-01 -2.616218273664848160e-01 2.048581569693899429e-01
-4.792202299343553129e-01 -2.591200855970798855e-01 2.049134859443551282e-01
-4.767662422566164571e-01 -2.557478268425710799e-01 2.051183964916344360e-01
-4.742953993659063117e-01 -2.538839027556862860e-01 2.051685601720446006e-01
-4.714920221108935272e-01 -2.526362492589502851e-01 2.050745398017685128e-01
-4.686158903019567723e-01 -2.525582007107425864e-01 2.045917334083813821e-01
-4.668726409631350216e-01 -2.528183225967873260e-01 2.040811018658141851e-01
-4.668892951995339269e-01 -2.526105229686176346e-01 2.040880952156535755e-01
-4.665941416180236501e-01 -2.519960536704457521e-01 2.042744434727710445e-01
-4.657453902095133325e-01 -2.512437719193682528e-01 2.045851963216125113e-01
-4.645608699977507583e-01 -2.506624524597572679e-01 2.048095901007265796e-01
-4.628661303073241529e-01 -2.503786860316193352e-01 2.048644694808118838e-01
-4.608393140072417071e-01 -2.508320327981634068e-01 2.046693924528097952e-01
-4.593353261783960639e-01 -2.518093263865074372e-01 2.043280810427102190e-01
-4.588536136726167891e-01 -2.527445637018841951e-01 2.042408341658706328e-01
-4.588477136353669716e-01 -2.527749973437692366e-01 2.042730502390594782e-01
-4.587082690867080315e-01 -2.533076523648819522e-01 2.044719412860746821e-01
-4.589248300241885459e-01 -2.528596172891175997e-01 2.045938754175515850e-01
-4.581721140381749824e-01 -2.534322082082386407e-01 2.046174579305369001e-01
-4.571627912817901596e-01 -2.545135568815338756e-01 2.046746150197693570e-01
-4.563185620015882127e-01 -2.558174742965489412e-01 2.045302274419458222e-01
-4.557262004670357691e-01 -2.566046864542744221e-01 2.044596174167440938e-01
-4.540727768877014237e-01 -2.601388688577180863e-01 2.043113218306356338e-01
-4.530709285047122559e-01 -2.633329828349157964e-01 2.042957427706903195e-01
-4.527139766555031142e-01 -2.654784862663149281e-01 2.044500952788682047e-01
-4.527095016130429639e-01 -2.665026330525720466e-01 2.046554634451884791e-01
-4.526123185019094164e-01 -2.673222473602925309e-01 2.047399506704178362e-01
-4.520748556276947272e-01 -2.689437296763392271e-01 2.045417838150737633e-01
-4.516135262635217473e-01 -2.707204804239592422e-01 2.044752178734904058e-01
-4.502670044325483012e-01 -2.758693950829741448e-01 2.043544613432978219e-01
-4.501709496952447931e-01 -2.760458381834023367e-01 2.043581384661165568e-01
-4.484976020563105625e-01 -2.796315538087923436e-01 2.039299681536481668e-01
-4.495485175069592332e-01 -2.779550774317771644e-01 2.042316424233932282e-01
-4.480601228746832199e-01 -2.808801991299247347e-01 2.040731430160531434e-01
-4.497523856099377437e-01 -2.783463405528455170e-01 2.045580448006087682e-01
-4.486054775260414629e-01 -2.805138046416701392e-01 2.044850275955705787e-01
-4.479702917147661001e-01 -2.819615483241935117e-01 2.046681247271839310e-01
-4.477335158463442433e-01 -2.831073896359314057e-01 2.042114330871327710e-01
-4.479206277354114141e-01 -2.837223605472957155e-01 2.046599175645902602e-01
-4.481999166823819603e-01 -2.847499175098961444e-01 2.050412637537308846e-01
-4.481347021508952921e-01 -2.861767832761280550e-01 2.048931991844188671e-01
-4.475872218463040619e-01 -2.870221907168546416e-01 2.044148485712628527e-01
-4.470662784172971804e-01 -2.873579294140262141e-01 2.041083273052655134e-01
-4.468061299379837426e-01 -2.877227213555270668e-01 2.042582057930927009e-01
-4.467064985416818734e-01 -2.878614296138314876e-01 2.042760483386263648e-01
-4.467045469886977704e-01 -2.889676372044803765e-01 2.046639795257060024e-01
-4.467429872819881909e-01 -2.895944920647486320e-01 2.045383813185556454e-01
-4.462642709273462183e-01 -2.919792888496490213e-01 2.043884412154700347e-01
-4.457480263958382705e-01 -2.943142419467980608e-01 2.042836253690580861e-01
-4.455003867066666956e-01 -2.951164712733680973e-01 2.044020327757849476e-01
-4.454195435959791283e-01 -2.951529863072707704e-01 2.046112626265663148e-01
-4.453057145081484869e-01 -2.952709182561241708e-01 2.047845282317758142e-01
-4.450015264652503744e-01 -2.961345181006062033e-01 2.047042702064677533e-01
-4.447017866463184310e-01 -2.974678426210403126e-01 2.045083463620701314e-01
-4.446620946111127237e-01 -2.984163780343521699e-01 2.044072228109502232e-01
-4.444501301775907187e-01 -2.994292484243828434e-01 2.043046633168384418e-01
-4.440423751948310849e-01 -3.006610557905695646e-01 2.043283278519195667e-01
-4.439867117684735964e-01 -3.011899410918670306e-01 2.044344657297981482e-01
-4.436536558118029938e-01 -3.022130262473593509e-01 2.045620954468686248e-01
-4.436337379955558879e-01 -3.025756487117617910e-01 2.045921592541553036e-01
-4.433446954340505841e-01 -3.043100619163139897e-01 2.045914315825068941e-01
-4.431233316934193311e-01 -3.049185408546668530e-01 2.045454982702715752e-01
-4.424692914999379667e-01 -3.065526329564493557e-01 2.044041389973735579e-01
-4.426988123772876982e-01 -3.065535255851382090e-01 2.045041490613096757e-01
-4.418537396768961178e-01 -3.085148161415496859e-01 2.042884746691919495e-01
-4.415263784794414281e-01 -3.103539063695675559e-01 2.042959904654760572e-01
-4.414960923529456793e-01 -3.110738558767901507e-01 2.044669035709787974e-01
-4.416398742789586773e-01 -3.116304051854678070e-01 2.046180272374714393e-01
-4.416060496995340978e-01 -3.117482746446414432e-01 2.047223770009392596e-01
-4.414724943369847110e-01 -3.124679206679011889e-01 2.046951746515240367e-01
-4.409840929322835223e-01 -3.143727944917380501e-01 2.045147985442617999e-01
-4.406803978319459580e-01 -3.149911256736764864e-01 2.044550051941251556e-01
-4.405091064094761033e-01 -3.155395784853307073e-01 2.045104643400436628e-01
-4.404098066239062748e-01 -3.156192749156243038e-01 2.045087441071820611e-01
-4.400624056117902194e-01 -3.170001484983701046e-01 2.044648929693378969e-01
-4.400939517229910947e-01 -3.173989208252327998e-01 2.045743469771919842e-01
-4.395978737993795349e-01 -3.190332673339460468e-01 2.044339669124674019e-01
-4.399113154241807710e-01 -3.191016115131218855e-01 2.046500971078603071e-01
-4.395409313608308888e-01 -3.201995657331817569e-01 2.046207781920060531e-01
-4.396148018027421500e-01 -3.209842645021757090e-01 2.047426732944233885e-01
-4.389090034503296267e-01 -3.229122215468731572e-01 2.044476516464756866e-01
-4.391500170458348395e-01 -3.233711337464403868e-01 2.045905610674589870e-01
-4.379237325322409835e-01 -3.254469719832290830e-01 2.041968501625059940e-01
-4.384969980863826500e-01 -3.251887652481416091e-01 2.043652200124396745e-01
-4.371417170609085967e-01 -3.274929203096280661e-01 2.043364094127521902e-01
-4.374433358862179211e-01 -3.280004633179052775e-01 2.045686558081596107e-01
-4.380445229281222930e-01 -3.286778868161639999e-01 2.048313751323810605e-01
-4.377423944683027091e-01 -3.294210166280987506e-01 2.047308311498864664e-01
-4.370978417674845629e-01 -3.309138767387134195e-01 2.045024047644643794e-01
-4.363163716047731011e-01 -3.324380950636682264e-01 2.042809845456155238e-01
-4.360494642110758767e-01 -3.333495710981627669e-01 2.042679502203329778e-01
-4.360985525333170298e-01 -3.342664226042157405e-01 2.045546376302212199e-01
-4.361638050183524462e-01 -3.352457541611669756e-01 2.048230868714257524e-01
-4.359339840821924161e-01 -3.362656936386251294e-01 2.047780970765072095e-01
-4.354472858856435202e-01 -3.372678979078472250e-01 2.045376379291150293e-01
-4.353526267642278125e-01 -3.374852683276913234e-01 2.045129345740243354e-01
-4.350621264121030674e-01 -3.381002441103879153e-01 2.043468415331552990e-01
-4.346591001960197764e-01 -3.398526762312429894e-01 2.043419718013646524e-01
-4.344827636447598507e-01 -3.405756784421993810e-01 2.043930498211630475e-01
-4.342454403858035383e-01 -3.419067609497158933e-01 2.045205981296823738e-01
-4.343190622224606390e-01 -3.418443643350760897e-01 2.045918107895066673e-01
-4.338758158836045209e-01 -3.434566303767173090e-01 2.045488178001666491e-01
-4.343572802908431951e-01 -3.424089540142921662e-01 2.047014683568199322e-01
-4.334505156615721666e-01 -3.437836669701053172e-01 2.045207699986245076e-01
-4.335147194287523598e-01 -3.449643580047758729e-01 2.043515026500667964e-01
-4.330065376174704328e-01 -3.475869764421710695e-01 2.042508567304039957e-01
-4.323883925377896009e-01 -3.497364887960418001e-01 2.043628909942862837e-01
-4.323440735899440890e-01 -3.502710040277652870e-01 2.045169973916255712e-01
-4.322777302392761256e-01 -3.503468154839751714e-01 2.047069006305357597e-01
-4.323017585039490851e-01 -3.502986993866301635e-01 2.048168398930634571e-01
-4.320647033405138338e-01 -3.511722295970701180e-01 2.047182665765020226e-01
-4.316450453945629984e-01 -3.526606500987143900e-01 2.044951025545417855e-01
-4.310348342447788972e-01 -3.547306199279987582e-01 2.042133633041003093e-01
-4.307474749263793257e-01 -3.563664037789376904e-01 2.042384983626333861e-01
-4.306591926434371609e-01 -3.568176095127605363e-01 2.044362925226361483e-01
-4.307167491803324810e-01 -3.569796855400878544e-01 2.046373288464201079e-01
-4.307736197552663460e-01 -3.568561081451741002e-01 2.048149223439619804e-01
-4.305287735892219803e-01 -3.575051817040864055e-01 2.046877391549827840e-01
-4.300518762892877600e-01 -3.591386177535012547e-01 2.044842090509329802e-01
-4.297030099715790086e-01 -3.605076321124846550e-01 2.042434406951115777e-01
-4.294855085162875841e-01 -3.617306703682962032e-01 2.041955968059412929e-01
-4.291571341955501273e-01 -3.632518584680838880e-01 2.043661389038635701e-01
-4.289783798771270029e-01 -3.643303937772525702e-01 2.045932194229221346e-01
-4.287413564581349368e-01 -3.650114720247878419e-01 2.046902538131111782e-01
-4.288390763729953425e-01 -3.652275099353068377e-01 2.047319033795159393e-01
-4.285660301900486302e-01 -3.658158988984127613e-01 2.046507848284347952e-01
-4.279397750290365732e-01 -3.674422525625757330e-01 2.043658009089961980e-01
-4.274160445098524885e-01 -3.693396547917322525e-01 2.041710760724876617e-01
-4.274636599936627590e-01 -3.699385420973215766e-01 2.042280346369610422e-01
-4.274861426781429996e-01 -3.705549735520051180e-01 2.045838181712716364e-01
-4.274106435190989650e-01 -3.714419916324293580e-01 2.049435966045106694e-01
-4.272811066652005274e-01 -3.718534212935013517e-01 2.048702588389524348e-01
-4.270458423172911466e-01 -3.724641597339509724e-01 2.045252943403963186e-01
-4.270443749638342945e-01 -3.724843749900903500e-01 2.045209558694538465e-01
-4.266154733896580509e-01 -3.736436824152071789e-01 2.042466249688448254e-01
-4.264522510305150949e-01 -3.746699530055065397e-01 2.043727503088002551e-01
-4.259979881763767962e-01 -3.759189910688869873e-01 2.041276645590432148e-01
-4.257713304085427031e-01 -3.771792151024488393e-01 2.044482348038616226e-01
-4.256393989323473126e-01 -3.786456180242798175e-01 2.047808834536843647e-01
-4.254889860184393191e-01 -3.793450856463464471e-01 2.048827441207366207e-01
-4.253350893151013334e-01 -3.800122872552604281e-01 2.047879671431658555e-01
-4.252923841952511719e-01 -3.800023015516889591e-01 2.047218234531957004e-01
-4.250165575267079165e-01 -3.808356073468867065e-01 2.045030998059121641e-01
-4.248743226311970655e-01 -3.812070021266369957e-01 2.044724058742286577e-01
-4.244744537032410503e-01 -3.826336329488306820e-01 2.043865721586264061e-01
-4.242233508560221411e-01 -3.833245082465486786e-01 2.043252975719207221e-01
-4.239370279909230321e-01 -3.849417217864105067e-01 2.043834337135651269e-01
-4.238143517587392162e-01 -3.854973454038225222e-01 2.043648134288625351e-01
-4.237391005974935898e-01 -3.864673273844551060e-01 2.044366235817317579e-01
-4.233362615647164873e-01 -3.873323203052219665e-01 2.043812874241676958e-01
-4.233076137604564471e-01 -3.888041788044337976e-01 2.044542308657640306e-01
-4.227754177785900680e-01 -3.897213960841874880e-01 2.044027747917182003e-01
-4.228080711994496865e-01 -3.912899332740091829e-01 2.044853778047251436e-01
-4.221220462656545824e-01 -3.931228797005147380e-01 2.044871737044422766e-01
-4.222984567572404258e-01 -3.936644317194633036e-01 2.045764317391431386e-01
-4.217120526583758577e-01 -3.945732877258477100e-01 2.045718831744726685e-01
-4.215606236888539970e-01 -3.953168004969661586e-01 2.045794344351992144e-01
-4.209978794381799005e-01 -3.959405308263618251e-01 2.044824528874458203e-01
-4.217725797356881579e-01 -3.962297243549765535e-01 2.046146178667292703e-01
-4.206850703093023003e-01 -3.978126107399485578e-01 2.043956476325562988e-01
-4.218288746215650420e-01 -3.983057584692030750e-01 2.045749324302156835e-01
-4.215355301767813589e-01 -4.000741645696735405e-01 2.046402876153126660e-01
-4.209413410005014566e-01 -4.009917445848318884e-01 2.046275354933304591e-01
-4.197522244610945030e-01 -4.026223989530351988e-01 2.045444218876694420e-01
-4.185048564271363070e-01 -4.045064205269547353e-01 2.043333962999604736e-01
-4.186286323459602055e-01 -4.046570762398187249e-01 2.044165481721552380e-01
-4.187429237706463692e-01 -4.053663800302971798e-01 2.044496869218640767e-01
-4.190033661311787228e-01 -4.068523471120420454e-01 2.044627213821737788e-01
-4.189935777286314389e-01 -4.079867166732091821e-01 2.045202599326978454e-01
-4.186036728171479981e-01 -4.091389353670754625e-01 2.045534937467426151e-01
-4.178635773294339661e-01 -4.105755231749892986e-01 2.045303671177516325e-01
-4.172856324380052051e-01 -4.118706997756978461e-01 2.044481005203870605e-01
-4.172013964400975161e-01 -4.122654801431946403e-01 2.044757884110840751e-01
-4.173898774076879037e-01 -4.129713478351809686e-01 2.045135344802764543e-01
-4.173170713683144184e-01 -4.140085772548137699e-01 2.046059379853490401e-01
-4.169091608219098188e-01 -4.155435926864431972e-01 2.045922548723047019e-01
-4.168297127109245603e-01 -4.158652096403537279e-01 2.046279546020735585e-01
-4.164244492274581377e-01 -4.170524779218974243e-01 2.045096062307570073e-01
-4.159916421654987762e-01 -4.178683412106730111e-01 2.045221932671677512e-01
-4.155526972779921557e-01 -4.194071815299910133e-01 2.044997040793919696e-01
-4.154969535528893476e-01 -4.203299590007607001e-01 2.044919902285743940e-01
-4.154053789072378322e-01 -4.213313164800496780e-01 2.045202776139968814e-01
-4.151467132269058835e-01 -4.224259298495687820e-01 2.045655185476654980e-01
-4.148775336907586375e-01 -4.234098087478418981e-01 2.045942567117895461e-01
-4.147907303923576428e-01 -4.236109456874315171e-01 2.046128679883654211e-01
