0.0000 0.0000
0.0000 0.0000
0.0000 0.0000
0.0000 0.0000
0.0000 0.0000
0.0000 0.0000
0.0000 0.0000
0.0000 0.0000
0.0000 0.0000
0.0000 0.0000
0.0000 0.0000
0.0000 0.0000
0.0000 0.0000
0.0000 0.0000
0.0000 0.0000
0.0000 0.0000
0.0000 0.0000
0.0000 0.0000
0.0000 0.0000
0.0000 0.0000
0.0000 0.0000
0.0000 0.0000
0.0000 0.0000
0.0000 0.0000
0.0000 0.0000
0.0000 0.0000
0.0000 0.0000
0.0000 0.0000
0.0000 0.0000
0.0000 0.0000
0.0000 0.0000
0.0000 0.0000
0.0000 0.0000
0.0000 0.0000
0.0000 0.0000
0.0000 0.0000
0.0000 0.0000
0.0000 0.0000
0.0000 0.0000
0.0000 0.0000
0.0000 0.0000
0.0000 0.0000
0.0000 0.0000
0.0000 0.0000
0.0000 0.0000
0.0000 0.0000
0.0000 0.0000
0.0000 0.0000
0.0000 0.0000
0.0000 0.0000
0.0000 0.0000
0.0000 0.0000
0.0000 0.0000
0.0000 0.0000
0.0000 0.0000
0.0000 0.0000
0.0000 0.0000
0.0000 0.0000
0.0000 0.0000
0.0000 0.0000
0.0000 0.0000
0.0000 0.0000
0.0000 0.0000
0.0000 0.0000
0.0000 0.0000
0.0000 0.0000
0.0000 0.0000
0.0000 0.0000
0.0000 0.0000
0.0000 0.0000
0.0000 0.0000
0.0000 0.0000
0.0000 0.0000
0.0000 0.0000
0.0000 0.0000
0.0000 0.0000
0.0000 0.0000
0.0000 0.0000
0.0000 0.0000
0.0000 0.0000
0.0000 0.0000
0.0000 0.0000
0.0000 0.0000
0.0000 0.0000
0.0000 0.0000
0.0000 0.0000
0.0000 0.0000
0.0000 0.0000
0.0000 0.0000
0.0000 0.0000
0.0000 0.0000
0.0000 0.0000
0.0000 0.0000
0.0000 0.0000
0.0000 0.0000
0.0000 0.0000
0.0000 0.0000
0.0000 0.0000
0.0000 0.0000
0.0000 0.0000
0.0000 0.0000
0.0000 0.0000
0.0000 0.0000
0.0000 0.0000
0.0000 0.0000
0.0000 0.0000
0.0000 0.0000
0.0000 0.0000
0.0000 0.0000
0.0000 0.0000
0.0000 0.0000
0.0000 0.0000
0.0000 0.0000
0.0000 0.0000
0.0000 0.0000
0.0000 0.0000
0.0000 0.0000
0.0000 0.0000
0.0000 0.0000
0.0000 0.0000
0.0000 0.0000
0.0000 0.0000
0.0000 0.0000
0.0000 0.0000
0.0000 0.0000
0.0000 0.0000
0.0000 0.0000
0.0000 0.0000
0.0000 0.0000
0.0000 0.0000
0.0000 0.0000
0.0000 0.0000
0.0000 0.0000
0.0000 0.0000
0.0000 0.0000
0.0000 0.0000
0.0000 0.0000
0.0000 0.0000
0.0000 0.0000
0.0000 0.0000
0.0000 0.0000
0.0000 0.0000
0.0000 0.0000
0.0000 0.0000
0.0000 0.0000
0.0000 0.0000
-0.0017 -0.0025
-0.0024 -0.0028
-0.0055 -0.0047
-0.0066 -0.0059
-0.0071 -0.0077
-0.0088 -0.0118
-0.0118 -0.0137
-0.0137 -0.0147
-0.0165 -0.0156
-0.0177 -0.0158
-0.0179 -0.0165
-0.0181 -0.0180
-0.0180 -0.0189
-0.0181 -0.0194
-0.0181 -0.0198
-0.0183 -0.0204
-0.0183 -0.0210
-0.0183 -0.0210
-0.0183 -0.0211
-0.0184 -0.0217
-0.0184 -0.0223
-0.0183 -0.0227
-0.0184 -0.0230
-0.0186 -0.0231
-0.0192 -0.0232
-0.0200 -0.0234
-0.0205 -0.0235
-0.0205 -0.0235
-0.0205 -0.0236
-0.0202 -0.0245
-0.0200 -0.0252
-0.0195 -0.0257
-0.0192 -0.0260
-0.0185 -0.0264
-0.0180 -0.0265
-0.0172 -0.0267
-0.0166 -0.0269
-0.0153 -0.0272
-0.0146 -0.0276
-0.0146 -0.0276
-0.0146 -0.0277
-0.0146 -0.0277
-0.0146 -0.0277
-0.0146 -0.0277
-0.0147 -0.0277
-0.0150 -0.0278
-0.0154 -0.0280
-0.0157 -0.0281
-0.0159 -0.0281
-0.0159 -0.0282
-0.0159 -0.0282
-0.0159 -0.0282
-0.0159 -0.0283
-0.0158 -0.0287
-0.0158 -0.0287
-0.0156 -0.0291
-0.0155 -0.0295
-0.0154 -0.0298
-0.0151 -0.0304
-0.0145 -0.0306
-0.0135 -0.0309
-0.0125 -0.0315
-0.0120 -0.0317
-0.0104 -0.0320
-0.0085 -0.0323
-0.0084 -0.0323
-0.0084 -0.0323
-0.0085 -0.0324
-0.0088 -0.0324
-0.0090 -0.0326
-0.0092 -0.0328
-0.0096 -0.0329
-0.0101 -0.0330
-0.0121 -0.0330
-0.0122 -0.0331
-0.0127 -0.0331
-0.0135 -0.0329
-0.0150 -0.0330
-0.0151 -0.0332
-0.0149 -0.0339
-0.0146 -0.0347
-0.0145 -0.0349
-0.0144 -0.0353
-0.0141 -0.0358
-0.0134 -0.0363
-0.0126 -0.0366
-0.0112 -0.0370
-0.0107 -0.0371
-0.0107 -0.0371
-0.0106 -0.0372
-0.0105 -0.0374
-0.0103 -0.0376
-0.0102 -0.0376
-0.0106 -0.0376
-0.0115 -0.0372
-0.0127 -0.0367
-0.0140 -0.0357
-0.0155 -0.0347
-0.0168 -0.0341
-0.0175 -0.0337
-0.0178 -0.0335
-0.0180 -0.0335
-0.0179 -0.0335
-0.0179 -0.0337
-0.0172 -0.0345
-0.0088 -0.0330
-0.0088 -0.0330
-0.0088 -0.0329
-0.0087 -0.0329
-0.0086 -0.0328
-0.0084 -0.0326
-0.0083 -0.0325
-0.0081 -0.0325
-0.0081 -0.0325
-0.0083 -0.0327
-0.0084 -0.0326
-0.0086 -0.0327
-0.0087 -0.0327
-0.0089 -0.0327
-0.0093 -0.0328
-0.0094 -0.0328
-0.0095 -0.0328
-0.0095 -0.0329
-0.0095 -0.0329
-0.0095 -0.0329
-0.0094 -0.0330
-0.0094 -0.0333
-0.0092 -0.0335
-0.0091 -0.0336
-0.0090 -0.0338
-0.0089 -0.0340
-0.0088 -0.0341
-0.0088 -0.0343
-0.0087 -0.0343
-0.0086 -0.0343
-0.0084 -0.0344
-0.0082 -0.0344
-0.0080 -0.0344
-0.0074 -0.0344
-0.0069 -0.0344
-0.0064 -0.0344
-0.0060 -0.0344
-0.0055 -0.0345
-0.0050 -0.0345
-0.0047 -0.0345
-0.0041 -0.0345
-0.0038 -0.0345
-0.0035 -0.0345
-0.0021 -0.0347
-0.0013 -0.0345
-0.0008 -0.0344
-0.0003 -0.0342
0.0005 -0.0340
0.0011 -0.0338
0.0018 -0.0334
0.0034 -0.0324
0.0044 -0.0312
0.0050 -0.0304
0.0055 -0.0290
0.0062 -0.0278
0.0070 -0.0263
0.0076 -0.0238
0.0074 -0.0225
0.0070 -0.0218
0.0066 -0.0213
0.0061 -0.0209
0.0053 -0.0206
0.0047 -0.0205
0.0039 -0.0204
0.0031 -0.0203
0.0022 -0.0204
0.0017 -0.0204
0.0011 -0.0205
0.0006 -0.0205
0.0001 -0.0204
-0.0005 -0.0204
-0.0010 -0.0204
-0.0017 -0.0203
-0.0028 -0.0195
-0.0030 -0.0191
0.0000 0.0000
0.0000 0.0000
0.0000 0.0000
0.0000 0.0000
0.0000 0.0000
0.0000 0.0000
0.0000 0.0000
0.0000 0.0000
0.0000 0.0000
0.0000 0.0000
0.0000 0.0000
0.0000 0.0000
0.0000 0.0000
0.0000 0.0000
0.0000 0.0000
0.0000 0.0000
0.0000 0.0000
0.0000 0.0000
0.0000 0.0000
0.0000 0.0000
0.0000 0.0000
0.0000 0.0000
0.0000 0.0000
0.0000 0.0000
0.0000 0.0000
0.0000 0.0000
0.0000 0.0000
0.0000 0.0000
0.0000 0.0000
