0.0000 0.0000
0.0000 0.0000
0.0000 0.0000
0.0000 0.0000
0.0000 0.0000
0.0000 0.0000
0.0000 0.0000
0.0000 0.0000
0.0000 0.0000
0.0000 0.0000
0.0000 0.0000
0.0000 0.0000
0.0000 0.0000
0.0000 0.0000
0.0000 0.0000
0.0000 0.0000
0.0000 0.0000
0.0000 0.0000
0.0000 0.0000
0.0000 0.0000
0.0000 0.0000
0.0000 0.0000
0.0000 0.0000
0.0000 0.0000
0.0000 0.0000
0.0000 0.0000
0.0000 0.0000
0.0000 0.0000
0.0000 0.0000
0.0000 0.0000
0.0000 0.0000
0.0000 0.0000
0.0000 0.0000
0.0000 0.0000
0.0000 0.0000
0.0000 0.0000
0.0000 0.0000
0.0000 0.0000
0.0000 0.0000
0.0000 0.0000
0.0000 0.0000
0.0000 0.0000
0.0000 0.0000
0.0000 0.0000
0.0000 0.0000
0.0000 0.0000
0.0000 0.0000
0.0000 0.0000
0.0000 0.0000
0.0000 0.0000
0.0000 0.0000
0.0000 0.0000
0.0000 0.0000
0.0000 0.0000
0.0000 0.0000
0.0000 0.0000
0.0000 0.0000
0.0000 0.0000
0.0000 0.0000
0.0000 0.0000
0.0000 0.0000
0.0000 0.0000
0.0000 0.0000
0.0000 0.0000
0.0000 0.0000
0.0000 0.0000
0.0000 0.0000
0.0000 0.0000
0.0000 0.0000
0.0000 0.0000
0.0000 0.0000
0.0000 0.0000
0.0000 0.0000
0.0000 0.0000
0.0000 0.0000
0.0000 0.0000
0.0000 0.0000
0.0000 0.0000
0.0000 0.0000
0.0000 0.0000
0.0000 0.0000
0.0000 0.0000
0.0000 0.0000
0.0000 0.0000
0.0000 0.0000
0.0000 0.0000
0.0000 0.0000
0.0000 0.0000
0.0000 0.0000
0.0000 0.0000
0.0000 0.0000
0.0000 0.0000
0.0000 0.0000
0.0000 0.0000
0.0000 0.0000
0.0000 0.0000
0.0000 0.0000
0.0000 0.0000
0.0000 0.0000
0.0000 0.0000
0.0000 0.0000
0.0000 0.0000
0.0000 0.0000
0.0000 0.0000
0.0000 0.0000
0.0000 0.0000
0.0000 0.0000
0.0000 0.0000
0.0000 0.0000
0.0000 0.0000
0.0000 0.0000
0.0000 0.0000
0.0000 0.0000
0.0000 0.0000
0.0000 0.0000
0.0000 0.0000
0.0000 0.0000
0.0000 0.0000
0.0000 0.0000
0.0000 0.0000
0.0000 0.0000
0.0000 0.0000
0.0000 0.0000
0.0000 0.0000
0.0000 0.0000
0.0000 0.0000
0.0000 0.0000
0.0000 0.0000
0.0000 0.0000
0.0000 0.0000
0.0000 0.0000
0.0000 0.0000
0.0000 0.0000
0.0000 0.0000
0.0000 0.0000
0.0000 0.0000
0.0000 0.0000
1.4023 1.3017
1.5271 1.4523
1.5660 1.5299
1.6488 1.6463
1.6430 1.6884
1.6947 1.8265
1.6737 1.8904
1.6660 1.8439
1.6941 1.9542
1.6999 2.0420
1.8418 2.0836
1.7664 2.0781
1.7693 2.1251
1.7741 2.1215
1.7584 2.1930
1.7720 2.1491
1.7655 2.1686
1.7651 2.1654
1.7628 2.1717
1.7617 2.1767
1.7544 2.1987
1.7513 2.2108
1.7496 2.2210
1.8074 2.2928
1.8196 2.3108
1.8444 2.3283
1.8810 2.3647
1.8825 2.3557
1.8831 2.3596
1.9395 2.4043
1.9266 2.3748
2.0172 2.3749
2.0040 2.4762
2.0139 2.3830
1.9717 2.4165
1.9555 2.4749
1.9753 2.4149
1.9768 2.4167
2.0221 2.4043
2.0330 2.4138
2.0396 2.4220
2.0556 2.4281
2.1278 2.4977
2.1446 2.5076
2.0707 2.5436
2.0904 2.4786
2.0896 2.4809
2.0889 2.4833
2.0867 2.4903
2.0838 2.4995
2.0838 2.4995
2.0816 2.5065
2.0801 2.5112
2.0786 2.5159
2.0779 2.5182
2.0772 2.5205
2.0764 2.5229
2.0764 2.5229
2.0764 2.5229
2.0764 2.5229
2.0764 2.5229
2.0764 2.5229
2.0757 2.5252
2.0757 2.5252
2.0757 2.5252
2.0757 2.5252
2.0757 2.5252
2.0757 2.5252
2.0757 2.5252
2.0757 2.5252
2.0757 2.5252
2.0757 2.5252
2.0757 2.5252
2.0757 2.5252
2.0757 2.5252
2.0757 2.5252
2.0757 2.5252
2.0749 2.5275
2.0749 2.5275
2.0749 2.5275
2.0624 2.5709
2.0594 2.5803
2.0697 2.5439
2.0689 2.5464
2.0690 2.5463
2.0668 2.5533
2.0595 2.5705
2.0467 2.5527
2.0437 2.5528
2.0392 2.5761
2.0447 2.5642
2.0417 2.5643
2.0333 2.5577
2.0329 2.5608
2.0285 2.5591
2.0188 2.5608
2.0173 2.5590
2.0095 2.5594
2.0017 2.5599
1.9984 2.5593
1.9962 2.5598
1.9928 2.5592
1.9906 2.5597
1.9850 2.5596
1.9118 2.5729
1.9739 2.5595
1.9438 2.5685
1.9584 2.5632
1.9562 2.5637
1.9562 2.5637
1.9540 2.5642
1.8890 2.5760
1.9208 2.5692
1.9131 2.5696
1.9041 2.5690
1.8987 2.5688
1.8694 2.5448
1.8768 2.5671
1.8476 2.5729
1.8580 2.5684
1.8558 2.5689
1.8547 2.5678
1.7433 2.5472
1.8344 2.5604
1.8344 2.5604
1.8344 2.5604
1.8344 2.5604
1.8344 2.5604
1.8262 2.5515
1.8209 2.5465
1.8139 2.5421
1.8141 2.5424
1.8057 2.5451
1.8097 2.5434
1.8076 2.5439
1.8064 2.5427
1.8064 2.5427
1.8053 2.5415
1.8053 2.5415
1.8031 2.5420
1.8002 2.5449
1.8002 2.5449
1.7283 2.5606
1.7958 2.5459
1.7958 2.5459
1.7958 2.5459
1.7958 2.5459
1.7240 2.5470
1.7893 2.5474
1.7849 2.5484
1.7828 2.5489
1.7828 2.5489
1.7784 2.5499
1.7741 2.5509
1.7675 2.5524
1.7612 2.5543
1.7589 2.5544
1.6854 2.5702
1.7479 2.5569
1.7432 2.5581
1.7394 2.5588
1.7373 2.5593
1.6684 2.5733
1.6358 2.5714
1.5346 2.5288
1.5380 2.5519
1.4562 2.4956
1.4122 2.4915
1.4188 2.4700
1.3552 2.5121
1.2987 2.4861
1.3728 2.5004
1.3260 2.4650
1.2533 2.4978
1.1918 2.4719
1.1876 2.4893
1.1749 2.4030
1.0673 2.2548
0.0000 0.0000
0.0000 0.0000
0.0000 0.0000
0.0000 0.0000
0.0000 0.0000
0.0000 0.0000
0.0000 0.0000
0.0000 0.0000
0.0000 0.0000
0.0000 0.0000
0.0000 0.0000
0.0000 0.0000
0.0000 0.0000
0.0000 0.0000
0.0000 0.0000
0.0000 0.0000
0.0000 0.0000
0.0000 0.0000
0.0000 0.0000
0.0000 0.0000
0.0000 0.0000
