0.000000000000000000e+00 0.000000000000000000e+00 0.000000000000000000e+00
-4.601052296490398263e-01 1.148803628402580712e-01 2.045634727328757840e-01
-4.601052206076479134e-01 1.148803416900937291e-01 2.045634903704950103e-01
-4.601105555620533805e-01 1.148601746210878294e-01 2.045607914879046529e-01
-4.601353322387926048e-01 1.148251262065303202e-01 2.045583637700705004e-01
-4.601724969567284607e-01 1.147977820429163937e-01 2.045461682357294364e-01
-4.604035350499775525e-01 1.147112902129377027e-01 2.045320345473343460e-01
-4.605249671735903161e-01 1.146581283764593895e-01 2.045299725526354417e-01
-4.606278094883297647e-01 1.145491500360259068e-01 2.045665633937969463e-01
-4.612404729563721606e-01 1.141745363618801856e-01 2.045298036989272872e-01
-4.616223521226806015e-01 1.140063719981527363e-01 2.045983366232653755e-01
-4.624908323356813900e-01 1.135510026152425217e-01 2.045327232192694633e-01
-4.631029106183144894e-01 1.132590591003878461e-01 2.045486127494415551e-01
-4.642083261976394648e-01 1.126780405866381896e-01 2.045135921318415595e-01
-4.656517429132065455e-01 1.120111052501564092e-01 2.045513173916062299e-01
-4.669524941125127726e-01 1.112903820267719390e-01 2.045887626909924650e-01
-4.686627310612791475e-01 1.102516028193251535e-01 2.045352026991826555e-01
-4.695536918951531691e-01 1.097142936116277667e-01 2.045574926745866995e-01
-4.706398557075084366e-01 1.091233578110309133e-01 2.045476632354834290e-01
-4.712593018066309480e-01 1.087380112520656000e-01 2.045815932983404140e-01
-4.727929376146212670e-01 1.080540216461997882e-01 2.046052042511384839e-01
-4.750496558201925956e-01 1.067563164077246635e-01 2.044700883521452517e-01
-4.769854930873753118e-01 1.057236036041088040e-01 2.044253971169203432e-01
-4.788859953057177932e-01 1.046879976898023173e-01 2.045169888527019753e-01
-4.804821827062119022e-01 1.037289749231548458e-01 2.046038172900568886e-01
-4.807828514336388026e-01 1.034295293359125262e-01 2.046086064286640194e-01
-4.814446038401460903e-01 1.029718515029957454e-01 2.046095788587398157e-01
-4.821058645515164387e-01 1.025924216056565974e-01 2.045524202311951312e-01
-4.832205988189040013e-01 1.020955163639833269e-01 2.045797434154187633e-01
-4.839246898979328027e-01 1.016059733187436448e-01 2.045300281144536436e-01
-4.850321079980504657e-01 1.010392375636313539e-01 2.044682690458961560e-01
-4.861111317765903772e-01 1.003109483802229057e-01 2.044907064595663515e-01
-4.874510346510293468e-01 9.948409760280677028e-02 2.044482326012188600e-01
-4.882872057415725831e-01 9.893045975372181944e-02 2.045551780726206081e-01
-4.898479789476422042e-01 9.822409342711369007e-02 2.044989981713226934e-01
-4.910513454093481389e-01 9.776602508665435676e-02 2.045700214503979042e-01
-4.926825679968852567e-01 9.667574632785308486e-02 2.045548500774350686e-01
-4.927633889939408429e-01 9.677482828570327378e-02 2.046600717811039027e-01
-4.934900377586553533e-01 9.597651897841497082e-02 2.045340601502267097e-01
-4.936276158104640488e-01 9.616779321321154705e-02 2.046730040789293270e-01
-4.948427735892175217e-01 9.538947881024627262e-02 2.046293076134456101e-01
-4.955706006595094748e-01 9.496474013965316985e-02 2.045972730670524153e-01
-4.964254548032753789e-01 9.448538610177199815e-02 2.044898748705341607e-01
-4.976287631759045982e-01 9.381143606873258711e-02 2.045137475318087872e-01
-4.975823664456965889e-01 9.386625819270805193e-02 2.045031962939027892e-01
-4.979986987540939158e-01 9.305544307309901453e-02 2.043667338310131421e-01
-4.986711837431860861e-01 9.315558248824412635e-02 2.044331267894037296e-01
-4.998240521828107852e-01 9.292554541095067455e-02 2.045540367308758545e-01
-5.006826494680227668e-01 9.251497286450796609e-02 2.046156585655277416e-01
-5.013768325888802169e-01 9.223779197035204824e-02 2.046030170748385779e-01
-5.016324878239197815e-01 9.190559945123433216e-02 2.045860883161665089e-01
-5.021039587201738819e-01 9.185745656453246644e-02 2.045462187454482328e-01
-5.025403551828463433e-01 9.138650847592171000e-02 2.045470194927153373e-01
-5.037945234788311355e-01 9.075090147939214591e-02 2.044843226990194218e-01
-5.053863964116033225e-01 9.022537394372236175e-02 2.044891653737836990e-01
-5.053587531809364819e-01 9.031377903000226137e-02 2.045335488018848180e-01
-5.061359194229720915e-01 9.022287547921954698e-02 2.046133812470753432e-01
-5.062416424871531984e-01 9.011915117683498566e-02 2.046565939321420280e-01
-5.075504586202717050e-01 8.963186270359782548e-02 2.046067355675594557e-01
-5.080053557898608352e-01 8.937307548449106853e-02 2.046373737118185876e-01
-5.096784978021827728e-01 8.860454990168162293e-02 2.045608678673444814e-01
-5.117493076511451244e-01 8.755943476823932481e-02 2.044162759052869649e-01
-5.120994591254993678e-01 8.725527448800589336e-02 2.044419680880966150e-01
-5.131771309504943313e-01 8.662576506859949454e-02 2.043280690363670216e-01
-5.128737699098764313e-01 8.670975359447592734e-02 2.045769558687825229e-01
-5.143627211288920309e-01 8.594686975885466873e-02 2.043199033800567888e-01
-5.147016096528674867e-01 8.623951680352290317e-02 2.049354543652807670e-01
-5.159193155888373017e-01 8.472778021182326980e-02 2.042324203505059554e-01
-5.167249492715040304e-01 8.503645749793814490e-02 2.048041113763782450e-01
-5.179840486120127485e-01 8.344753819558579921e-02 2.043152684873041636e-01
-5.189325992127570286e-01 8.357283380914527771e-02 2.047068738201859861e-01
-5.198598079618494960e-01 8.190994425470990437e-02 2.040958648651296503e-01
-5.205046707303593312e-01 8.278807738510372827e-02 2.049871549487969069e-01
-5.213078389471179630e-01 8.031864479549302716e-02 2.039445602965696824e-01
-5.220071141963151806e-01 8.103671232664777513e-02 2.047716019349115346e-01
-5.230893208984151999e-01 8.078219618579260408e-02 2.053464628910263434e-01
-5.232141176994381526e-01 8.062434816996989773e-02 2.053330785581955475e-01
-5.243126251801518700e-01 7.905546861121723334e-02 2.049865925754074669e-01
-5.251290135404392823e-01 7.724684168383602612e-02 2.044192480716302274e-01
-5.260389437050780881e-01 7.590362919857539248e-02 2.042234369145536910e-01
-5.269221089084121790e-01 7.473589819613325747e-02 2.043517940770159247e-01
-5.275631583700919336e-01 7.380367967503281834e-02 2.046117582187025052e-01
-5.279475840043688084e-01 7.309433024484923713e-02 2.047619476597786758e-01
-5.282809841413091956e-01 7.243138959174134917e-02 2.047186459507944478e-01
-5.286266353944293339e-01 7.156758619734368554e-02 2.044968434287191550e-01
-5.291191031250440657e-01 7.058900402045580058e-02 2.043622261910745253e-01
-5.292972610596622385e-01 7.012824842975400041e-02 2.044032382392899638e-01
-5.296955450705924662e-01 6.926064194584330425e-02 2.045816138436535869e-01
-5.299691412507873123e-01 6.847101310608909308e-02 2.046364345072090862e-01
-5.304468141941980353e-01 6.726638318419685125e-02 2.046203535834834886e-01
-5.310263680235681738e-01 6.577155128369858994e-02 2.045306970705507710e-01
-5.314088029493558851e-01 6.439912804667234647e-02 2.044059460547516527e-01
-5.316736277624370954e-01 6.346723405107107530e-02 2.044568596586026354e-01
-5.318660452687916651e-01 6.282485786562606866e-02 2.046246213360689847e-01
-5.318675995511681354e-01 6.284925443571076631e-02 2.046060924896001831e-01
-5.320307566665558596e-01 6.204787586054573423e-02 2.045168068810407636e-01
-5.321641921902612316e-01 6.163950057646326586e-02 2.045709450937910068e-01
-5.326988962642055236e-01 5.996990764519699590e-02 2.046251368752972921e-01
-5.327437284778749893e-01 5.952644165205072530e-02 2.045477974972985669e-01
-5.331784088498084939e-01 5.798158149773268571e-02 2.045480900390319046e-01
-5.331581616817191449e-01 5.800324922261097110e-02 2.044885651711035868e-01
-5.334421452756100690e-01 5.638888843307100773e-02 2.043441389178093925e-01
-5.338451010401948915e-01 5.546014512375004035e-02 2.044504077091564564e-01
-5.343591006318583192e-01 5.412283009865258981e-02 2.045767723888519130e-01
-5.349135948850655131e-01 5.264062751416530295e-02 2.046463055656048968e-01
-5.352684505322774511e-01 5.167332191526272100e-02 2.046219565008586816e-01
-5.353881396044509744e-01 5.140477468389283849e-02 2.046181947618929686e-01
-5.355190688251627584e-01 5.067655852860130511e-02 2.045017594058617660e-01
-5.359943379414133791e-01 4.940892976798380576e-02 2.044248088659167684e-01
-5.365083672995180075e-01 4.824479226478643051e-02 2.044487190301487178e-01
-5.371093606378085639e-01 4.720097224233370942e-02 2.045624370309542250e-01
-5.376047313418025331e-01 4.625764509871073404e-02 2.046177378279791514e-01
-5.379711821264425708e-01 4.537494677431206519e-02 2.046211772087470071e-01
-5.383228109579641929e-01 4.459853588945101449e-02 2.045566088006472438e-01
-5.386847688944865764e-01 4.400170420655736409e-02 2.045232438463426283e-01
-5.392392728212209718e-01 4.311213463446243038e-02 2.045294549127435746e-01
-5.398309233057740908e-01 4.210362965461119517e-02 2.044915831096128511e-01
-5.401834660063814519e-01 4.141094245882856462e-02 2.045423404217185381e-01
-5.407230834067945358e-01 4.049402153140006094e-02 2.046105136425024340e-01
-5.409024425988273599e-01 4.017793279328146089e-02 2.045593815566688345e-01
-5.414308921344294090e-01 3.943760578380661741e-02 2.045785824806124753e-01
-5.417928250140953139e-01 3.890270706553670271e-02 2.045875729476708815e-01
-5.426211824079980595e-01 3.751746205179022631e-02 2.044611578608222791e-01
-5.434611158816957666e-01 3.626816873861862800e-02 2.044520584899413018e-01
-5.441898451655484692e-01 3.518995331314684477e-02 2.044813310237880155e-01
-5.448765496752082660e-01 3.428484410989553893e-02 2.045202877636155547e-01
-5.452448695551921354e-01 3.385045827002224755e-02 2.045939563495803581e-01
-5.456064364740547123e-01 3.326462635767285514e-02 2.045775000651474940e-01
-5.457267980503566207e-01 3.309363049451029964e-02 2.045872861215879412e-01
-5.463484647293535001e-01 3.230855668651543694e-02 2.045471080340614534e-01
-5.471902208967356351e-01 3.088197462809738267e-02 2.044343498166741879e-01
-5.479262009139199696e-01 3.006229751735006728e-02 2.044288574975404726e-01
-5.485338723611384859e-01 2.884329225900224974e-02 2.043450196724772572e-01
-5.490211456196377737e-01 2.839897401781844161e-02 2.044968859992148669e-01
-5.498970562377489824e-01 2.723174158224023894e-02 2.046661090125929949e-01
-5.509387267178473824e-01 2.564119570960009947e-02 2.046850192902641974e-01
-5.514041505386642061e-01 2.452982593150968352e-02 2.044956071139112375e-01
-5.517836712673426236e-01 2.387156519354452153e-02 2.044764595087871228e-01
-5.522378155462369653e-01 2.324708599510216106e-02 2.045565711637283568e-01
-5.527719504033917763e-01 2.243355927453343987e-02 2.046450602856243473e-01
-5.531328493860351303e-01 2.157276568087524923e-02 2.046201742207180430e-01
-5.536302488849274006e-01 2.125648048016307023e-02 2.046479467254420925e-01
-5.539958939455766895e-01 2.088910401477737239e-02 2.045879251929843268e-01
-5.541958954137600202e-01 2.079825494695673044e-02 2.046092024597525039e-01
-5.545524979273271926e-01 2.036764388310589521e-02 2.045302147984675578e-01
-5.547802858390404879e-01 2.012491214152072397e-02 2.045312028450044783e-01
-5.552477404116736848e-01 1.947009032271931547e-02 2.044601425553381202e-01
-5.557776399437088788e-01 1.880156821025645922e-02 2.044370514809545625e-01
-5.560816313330698701e-01 1.826620009757379259e-02 2.044245500125220494e-01
-5.565687212363669145e-01 1.762031646307738939e-02 2.044155731157357714e-01
-5.568303279348660872e-01 1.704849546605108346e-02 2.043509819408344252e-01
-5.573382950367782307e-01 1.641188642849561105e-02 2.043460799749040879e-01
-5.575188468792400265e-01 1.594054917772229352e-02 2.043259293864857218e-01
-5.580934282730896090e-01 1.479915377635416564e-02 2.042019116052143368e-01
-5.582182951380959546e-01 1.486360999159140779e-02 2.043429892402576775e-01
-5.585529510898390448e-01 1.381321434119439986e-02 2.041475741302327118e-01
-5.590555893497097806e-01 1.301206027799036748e-02 2.041806152707527355e-01
-5.592792009561107225e-01 1.252574756129598392e-02 2.041312882226785086e-01
-5.599125290740563088e-01 1.136825460468483470e-02 2.041279726078521484e-01
-5.605466367319411614e-01 1.030595025894234275e-02 2.040808384872110914e-01
-5.611270365329275034e-01 9.153256320587714601e-03 2.040755791655345652e-01
-5.616190968315099008e-01 7.946633137726394347e-03 2.040109098219626826e-01
-5.622194698899153353e-01 6.793699308785889485e-03 2.039726003789238129e-01
-5.625181555689983126e-01 5.951790598576111625e-03 2.039438542424404921e-01
-5.629556170122549386e-01 4.919452658531948963e-03 2.039544535509637546e-01
-5.635271914906059276e-01 3.626709391547376215e-03 2.039272037516503266e-01
-5.635578289877115621e-01 3.664544758832360711e-03 2.039591920937448566e-01
-5.641018856036236206e-01 2.267892319877032065e-03 2.038393001972456375e-01
-5.647511935375255643e-01 9.055863154575970013e-04 2.038066357344195667e-01
-5.653822914385597809e-01 -4.671220418157265449e-04 2.037725509826047443e-01
-5.658182510028918477e-01 -1.534207818628370058e-03 2.037445319587476433e-01
-5.660001673244930975e-01 -1.824117720549410168e-03 2.037716632198764144e-01
-5.663017695316034938e-01 -2.602917765555667635e-03 2.037208796504763053e-01
-5.665498791130917366e-01 -3.201521588458395434e-03 2.036962791490204427e-01
-5.669328680821160704e-01 -3.908904561591546208e-03 2.037045571928114140e-01
-5.672768231964033792e-01 -5.201875144842126909e-03 2.035614965504033702e-01
-5.677562266685010073e-01 -6.057989842203522803e-03 2.036229220669141804e-01
-5.680978299230644568e-01 -7.089852437774722509e-03 2.035265061799354791e-01
-5.685179632470238609e-01 -7.942792575720376488e-03 2.035252006231484390e-01
-5.688417592144952017e-01 -8.890012540579835323e-03 2.034901221495082624e-01
-5.692315895363612155e-01 -9.623734317500222402e-03 2.034661334132886190e-01
-5.697110508144725971e-01 -1.101162729451004782e-02 2.033826600024119802e-01
-5.699475552079065199e-01 -1.139935043452349091e-02 2.034384199607074672e-01
-5.703416643335219582e-01 -1.245886965993193811e-02 2.033847801828280455e-01
-5.706506871212163601e-01 -1.308405657506472516e-02 2.034405871059055404e-01
-5.711365122055953591e-01 -1.434789139722845823e-02 2.034090705206544336e-01
-5.712485768813710951e-01 -1.453821608494533339e-02 2.034541949127591787e-01
-5.717355598290877472e-01 -1.600025307412202349e-02 2.033803429053185341e-01
-5.719446615338704687e-01 -1.662700305459336239e-02 2.033658403542138726e-01
-5.724620680240890547e-01 -1.799252791309202681e-02 2.033355605510473174e-01
-5.729585347962101727e-01 -1.955519858194393681e-02 2.032881448166527494e-01
-5.734134504973852353e-01 -2.102481529665919599e-02 2.032276856280726962e-01
-5.739322552818805212e-01 -2.237504303071171513e-02 2.032198575066976876e-01
-5.741254596522294973e-01 -2.312867721722358313e-02 2.031933729350504370e-01
-5.744240088777949893e-01 -2.392344018952840060e-02 2.031154313198621220e-01
-5.745852562463922286e-01 -2.450958105303863849e-02 2.031647158799312625e-01
-5.748397862252435653e-01 -2.563631100879827998e-02 2.030979475810485158e-01
-5.750456481189015756e-01 -2.602203148708959884e-02 2.031484300105705909e-01
-5.753111061370272949e-01 -2.705257823138575157e-02 2.030919314424841915e-01
-5.755877124834016811e-01 -2.841417546603158817e-02 2.029917272913253634e-01
-5.758682495894432707e-01 -2.920826935924543052e-02 2.030184873881924479e-01
-5.760650620625594742e-01 -3.011385807021949371e-02 2.029693345682112571e-01
-5.762681617166497405e-01 -3.069137266698836186e-02 2.030265471426838664e-01
-5.765959719933779759e-01 -3.211487973027062071e-02 2.028966265847889083e-01
-5.767031298932067118e-01 -3.215196921117516315e-02 2.030736276032419629e-01
-5.770647763360924332e-01 -3.365761003386580352e-02 2.030801875740649576e-01
-5.771094039415887167e-01 -3.368123845989746956e-02 2.031067914253901485e-01
-5.774594526511865888e-01 -3.520407994863283124e-02 2.030555968164327874e-01
-5.776297327939968751e-01 -3.585833286780297502e-02 2.030682462179276559e-01
-5.778555468790507188e-01 -3.671418386865982902e-02 2.030453632416367171e-01
-5.780094515953434486e-01 -3.780866494628925406e-02 2.029865669700729180e-01
-5.782255883138486263e-01 -3.819260826865771008e-02 2.030410458161074350e-01
-5.783550561742444307e-01 -3.924203013526751660e-02 2.029968739100631026e-01
-5.785944989508787772e-01 -3.988286417961073999e-02 2.030574613559770203e-01
-5.787190195540495852e-01 -4.094281630597138705e-02 2.029649918050037416e-01
-5.789749868984075398e-01 -4.201181096737846565e-02 2.029542040247829526e-01
-5.791757540121170722e-01 -4.311215355866223481e-02 2.028925355729639946e-01
-5.793263270967506928e-01 -4.396421610677089808e-02 2.029120760753961028e-01
-5.795576493200462753e-01 -4.489202343844182069e-02 2.028953765201781112e-01
-5.796830509411556864e-01 -4.565349396825126027e-02 2.029421819811970118e-01
-5.797797962260605731e-01 -4.620655265301484849e-02 2.028460999150084321e-01
-5.800008503907688739e-01 -4.744380155428441770e-02 2.028516755972999408e-01
-5.801039996260818343e-01 -4.794012012509062115e-02 2.028968191702054114e-01
-5.803197146756852165e-01 -4.893269016300771934e-02 2.029047213062312727e-01
-5.804871118338649216e-01 -5.034365802833391107e-02 2.028417938858087521e-01
-5.806996458747706313e-01 -5.173531839705431540e-02 2.028310622659416085e-01
-5.808385379285371242e-01 -5.276700397398648157e-02 2.028199311786433034e-01
-5.809466769140431142e-01 -5.335149107412518604e-02 2.028288656704425874e-01
-5.810999518469744940e-01 -5.484427845320381106e-02 2.027654864046653238e-01
-5.812464714374293573e-01 -5.558375974068123504e-02 2.028444439564942303e-01
-5.813527461742029612e-01 -5.667661074180628533e-02 2.028148681279676457e-01
-5.814771086053979188e-01 -5.799421121137026541e-02 2.027471642554606879e-01
-5.816262576134303419e-01 -5.889486372854525753e-02 2.028219209310104243e-01
-5.816778449699128162e-01 -5.994562711830841301e-02 2.027830909176371876e-01
-5.817978818210636227e-01 -6.129692484848087153e-02 2.027055622569667870e-01
-5.818515283652317960e-01 -6.217054100017092161e-02 2.027606677418110070e-01
-5.819963240561955020e-01 -6.350420267485051840e-02 2.027605716599524543e-01
-5.820336378317239046e-01 -6.465138157993019496e-02 2.027471960542399920e-01
-5.821131194711812729e-01 -6.583733309835557157e-02 2.027763491426926579e-01
-5.821848779857060618e-01 -6.731156493652304396e-02 2.027240201470598968e-01
-5.821972720420344194e-01 -6.863531048917768940e-02 2.027006657802911671e-01
-5.822267036700464748e-01 -6.996849704146054783e-02 2.027252967493126390e-01
-5.822480206325886254e-01 -7.085485913213938891e-02 2.027875783231296580e-01
-5.822605753964605890e-01 -7.187801074064151252e-02 2.028029542172826161e-01
-5.823337674367125016e-01 -7.329760532993333244e-02 2.028457785257516410e-01
-5.823242587456032293e-01 -7.347040588009942641e-02 2.028437644666222228e-01
-5.823230025543563171e-01 -7.494617072359784082e-02 2.028077484582557488e-01
-5.823228959519656245e-01 -7.554898150626566944e-02 2.028458468040653939e-01
-5.823188121979541165e-01 -7.687528950726332799e-02 2.028552160854220909e-01
-5.822950197352170232e-01 -7.746649844194394841e-02 2.028606648372479893e-01
-5.823135856465576632e-01 -7.890531816269731602e-02 2.028909552590736909e-01
-5.823273962116206626e-01 -7.885985531649884750e-02 2.028938080752971940e-01
-5.822405834430829374e-01 -8.018337694774123336e-02 2.028368861723156558e-01
-5.822538380884910714e-01 -8.100934252230883315e-02 2.028612657933790697e-01
-5.821998658477585131e-01 -8.162323592658117521e-02 2.028473268910459537e-01
-5.822121302108276275e-01 -8.243379560346029977e-02 2.028983044639805777e-01
-5.821375269093300719e-01 -8.389346997809785100e-02 2.028877077533471629e-01
-5.821782766280809707e-01 -8.383403469777499228e-02 2.029441394764179007e-01
-5.819838250620757991e-01 -8.531054370466302494e-02 2.028363717399259414e-01
-5.819930579819015959e-01 -8.572001035397917856e-02 2.029580518529041644e-01
-5.818364045629398351e-01 -8.706488616933719116e-02 2.028848061160614114e-01
-5.817073497345495170e-01 -8.826715477239671648e-02 2.028834164126573358e-01
-5.816177904929652476e-01 -8.908562466856591311e-02 2.029040460636272747e-01
-5.815497254638782865e-01 -8.984089931694130837e-02 2.029130045854507514e-01
-5.813699257852027458e-01 -9.124106264723791382e-02 2.028293882949235849e-01
-5.813122410297186793e-01 -9.188300418953081194e-02 2.028796291525865603e-01
-5.811814359323093093e-01 -9.277051297869799706e-02 2.027883944547856643e-01
-5.810135202333430726e-01 -9.408154537539163698e-02 2.027389107320211603e-01
-5.808477995027049312e-01 -9.536956852484676506e-02 2.027157937515121633e-01
-5.808054835043660047e-01 -9.577516490664694793e-02 2.027631316808135575e-01
-5.806412980098077936e-01 -9.700579227126314430e-02 2.026954284408100104e-01
-5.805417165493362841e-01 -9.767410071550379491e-02 2.026783326084758419e-01
-5.803821917252038887e-01 -9.897948243588393369e-02 2.026784200090948063e-01
-5.801908010854032183e-01 -1.003634105756862072e-01 2.026408103569010133e-01
-5.801954329869701832e-01 -1.005228477283646865e-01 2.027088041944337948e-01
-5.800126974560775306e-01 -1.017368916170494630e-01 2.026687653996306626e-01
-5.798636006069101123e-01 -1.028627807038209191e-01 2.026878668354929192e-01
-5.796564275678600664e-01 -1.042203257651502651e-01 2.026441524915251202e-01
-5.796551764118630379e-01 -1.043873557200459684e-01 2.027149801347800373e-01
-5.794383754973608802e-01 -1.057768173875971718e-01 2.026831988783461824e-01
-5.792219500833998280e-01 -1.073433731586371231e-01 2.026991157404374466e-01
-5.790314125995853489e-01 -1.086671427355592606e-01 2.027013123670205752e-01
-5.789015020707281023e-01 -1.094316303547808733e-01 2.026935587049188692e-01
-5.787292804148158609e-01 -1.104601503643326682e-01 2.026564618435021115e-01
-5.786824056913973946e-01 -1.109707473907157599e-01 2.027267192068595014e-01
-5.784989007708207787e-01 -1.118147724882755933e-01 2.026110671153714682e-01
-5.782705058736806736e-01 -1.132677750786634241e-01 2.025677380546043183e-01
-5.780928226772709122e-01 -1.143272820659071709e-01 2.025750146051806810e-01
-5.778816465215799170e-01 -1.157229952876988738e-01 2.025872575509751472e-01
-5.776634502697622908e-01 -1.170052869053437583e-01 2.025942888185195967e-01
-5.774780674116569701e-01 -1.181636739158250515e-01 2.026114369690290296e-01
-5.772725061158854309e-01 -1.192983514445499632e-01 2.026337164887818676e-01
-5.770368122068921801e-01 -1.206608312193259702e-01 2.026391925148020301e-01
-5.768206517506921926e-01 -1.218486163541285250e-01 2.026618890613799406e-01
-5.766692335048768658e-01 -1.226709017873704732e-01 2.026786473632772034e-01
-5.765345132887909063e-01 -1.235206957160398522e-01 2.027388201324085704e-01
-5.763806614999849032e-01 -1.241319120455968289e-01 2.027067213549530733e-01
-5.761202788826833565e-01 -1.254099044980176991e-01 2.026664577141480961e-01
-5.760251573446251161e-01 -1.258653663886217244e-01 2.027378720310683280e-01
-5.757779616200981998e-01 -1.270271481897319310e-01 2.027512674242056001e-01
-5.755436944974005042e-01 -1.279349591292114063e-01 2.027440807768827180e-01
-5.752808155743108776e-01 -1.288912360260908996e-01 2.027512464112386226e-01
-5.749756607742481096e-01 -1.298912409978442151e-01 2.027087691363280431e-01
-5.746214420011214186e-01 -1.309424981732751347e-01 2.027191588770363706e-01
-5.744878243400851625e-01 -1.313926449058211987e-01 2.026984032324668783e-01
-5.740253462426593289e-01 -1.326317084205790309e-01 2.027340068590420263e-01
-5.735643110064488903e-01 -1.336470014849133470e-01 2.027259342317098700e-01
-5.729977172342675118e-01 -1.348130223441415532e-01 2.027542219165801296e-01
-5.725776751681936894e-01 -1.356638886201311234e-01 2.027591491450443650e-01
-5.718999749551343381e-01 -1.368561797488712650e-01 2.027468677945438724e-01
-5.713031867396276553e-01 -1.379151800068999512e-01 2.028016623961173270e-01
-5.710660810094164708e-01 -1.382876894193772743e-01 2.027704042860974665e-01
-5.705094974365725324e-01 -1.392559638403060851e-01 2.028408075078248496e-01
-5.703224587271600310e-01 -1.395346491710876269e-01 2.028363267956156402e-01
-5.696019409417037993e-01 -1.406802722022968966e-01 2.028762221661814802e-01
-5.694188212027894158e-01 -1.409283603834024512e-01 2.028732911451018028e-01
-5.684951473575002856e-01 -1.421916354860281173e-01 2.029214328558262559e-01
-5.678086208118658940e-01 -1.429940275971629815e-01 2.029252869542509941e-01
-5.543365390239670676e-01 -1.456406542173445118e-01 2.029621226977295356e-01
-5.264194273904252430e-01 -1.395047543015266733e-01 2.057958148917092278e-01
-5.075317711517155495e-01 -1.380659819348828699e-01 2.069235537444362172e-01
-4.960705525950252492e-01 -1.353775845110279097e-01 2.070141505769988177e-01
-4.925355628789199747e-01 -1.377657242813963845e-01 2.055536671046949149e-01
-4.949369449370915053e-01 -1.402137301926733304e-01 2.043880183537054862e-01
-4.996109449345644271e-01 -1.438032981106272257e-01 2.032892864137886002e-01
-5.025118265775906368e-01 -1.449119515531046010e-01 2.033579641865930487e-01
-5.024936823476366943e-01 -1.450813993161844118e-01 2.044005283243675308e-01
-5.003804699210668838e-01 -1.450595271283573462e-01 2.053371229471677439e-01
-4.974553275646888539e-01 -1.456073174709524021e-01 2.054420941456839844e-01
-4.966593436198445954e-01 -1.461797071912762369e-01 2.052239350532805984e-01
-4.959294350073735758e-01 -1.468674528566276394e-01 2.048219078245132330e-01
-4.963921773458919162e-01 -1.474629081364685623e-01 2.044386500512329619e-01
-4.958294437671837973e-01 -1.481256040487395620e-01 2.042527842913488545e-01
-4.964110652795651890e-01 -1.487522581451952153e-01 2.041731495583536393e-01
-4.957231313701210840e-01 -1.497098856240338671e-01 2.043947157319505326e-01
-4.938346179533820157e-01 -1.511416798455885169e-01 2.046013011585312014e-01
