0.000000000000000000e+00 0.000000000000000000e+00 0.000000000000000000e+00
-4.601152506632482098e-01 1.148762544988552875e-01 2.045692694963729408e-01
-4.601152739733503361e-01 1.148761835231998651e-01 2.045692884870330963e-01
-4.601166503364248483e-01 1.148701664221878083e-01 2.045691309168659044e-01
-4.601221000246593085e-01 1.148474999797249735e-01 2.045690231000878712e-01
-4.601770892959171633e-01 1.147814548623807412e-01 2.045555932989791825e-01
-4.602007422786997815e-01 1.147623393120675850e-01 2.045406418444842001e-01
-4.604492272071220582e-01 1.147023092176959330e-01 2.045515806867597430e-01
-4.611048657232025283e-01 1.143954328482844757e-01 2.046055503103269280e-01
-4.612214606066268319e-01 1.143150217112485073e-01 2.046099621548589653e-01
-4.613575394491676862e-01 1.141761603629563859e-01 2.045811389119716328e-01
-4.620934024911307336e-01 1.138410825315261665e-01 2.045815598456701967e-01
-4.638720509839251438e-01 1.129644422221597472e-01 2.045702776032987946e-01
-4.638242974256697182e-01 1.129603085465400170e-01 2.045878039003609650e-01
-4.637977654155417406e-01 1.129852250367407995e-01 2.046172266578283605e-01
-4.650217365595091801e-01 1.122553346176527328e-01 2.045510581511282566e-01
-4.663053590926228842e-01 1.115593250951391752e-01 2.045607214472772717e-01
-4.686242155287839717e-01 1.103497287138369559e-01 2.045346100420118163e-01
-4.696543107483943102e-01 1.096044641316271662e-01 2.045357073213460164e-01
-4.712835816291307545e-01 1.084885173144160969e-01 2.044233922668405035e-01
-4.726830409864168914e-01 1.080508562952826462e-01 2.046406774281440411e-01
-4.754967452657848370e-01 1.067754425112701910e-01 2.047157144898574255e-01
-4.772802557656329325e-01 1.058200690372212149e-01 2.046514430993741362e-01
-4.784296060058934041e-01 1.050051761008185397e-01 2.045854249245822598e-01
-4.791139772571828548e-01 1.045211339217596569e-01 2.045330488352129772e-01
-4.801852730825598159e-01 1.037571870178091438e-01 2.045062397765888829e-01
-4.811107370165446095e-01 1.030493037458473371e-01 2.044168445094603215e-01
-4.817042906466145746e-01 1.027900805285922037e-01 2.045085095119981711e-01
-4.832592051552437318e-01 1.018336458743612921e-01 2.045027930019334972e-01
-4.842046834339169825e-01 1.017711514328214217e-01 2.047218466447998930e-01
-4.862840272500868477e-01 1.004972261524505472e-01 2.046321275670996420e-01
-4.869877182048257258e-01 1.002160148118856481e-01 2.046948038396739500e-01
-4.887144823243607661e-01 9.884094818633197554e-02 2.045082421631966851e-01
-4.887956957334742558e-01 9.875430116185524021e-02 2.045870268391686286e-01
-4.900630924034955482e-01 9.728851448369628396e-02 2.042535281385716439e-01
-4.900374128486132408e-01 9.813415536519788651e-02 2.047561098900328724e-01
-4.911971170424516697e-01 9.588030751776688287e-02 2.041817973110360840e-01
-4.916194039439654162e-01 9.773835492532934044e-02 2.048659341491689823e-01
-4.927344224326009603e-01 9.540664093059458839e-02 2.043300787104105620e-01
-4.932597797054080746e-01 9.438768364947359990e-02 2.045746664545423088e-01
-4.941525303028184712e-01 9.554467201809907495e-02 2.045238938512613791e-01
-4.956037005116265548e-01 9.452212873092673273e-02 2.047248740136157763e-01
-4.962378914345348391e-01 9.579963674338640156e-02 2.044865864401816669e-01
-4.972789758385133818e-01 9.347472070570941871e-02 2.046662794044534495e-01
-4.974671583484707171e-01 9.502757486412273524e-02 2.045475049378054633e-01
-4.977544763159770236e-01 9.404310529254442108e-02 2.045731950715956593e-01
-4.985025947288212467e-01 9.218897752108537458e-02 2.045643722684407639e-01
-4.985311624579605860e-01 9.392062915303527049e-02 2.044842656056632679e-01
-4.998670416864000043e-01 9.107979217348634304e-02 2.045464572051190200e-01
-4.999981103718612596e-01 9.351497574508377264e-02 2.044743231668977035e-01
-5.009622829293577384e-01 9.428498831110279643e-02 2.045496338410177639e-01
-5.013692416701623911e-01 9.438479958910339640e-02 2.044938050755702452e-01
-5.024254807861656680e-01 9.306655106690153723e-02 2.045894075998790640e-01
-5.042871125765311380e-01 8.990345495415041910e-02 2.045274675889016402e-01
-5.044131389741837168e-01 9.015093208152637205e-02 2.046505412627924458e-01
-5.059001002073324482e-01 8.784411413614624797e-02 2.043548902883320917e-01
-5.057395836007463341e-01 9.030795288398363319e-02 2.047014504880526609e-01
-5.068212237904038409e-01 8.810816082170715158e-02 2.046427799426993599e-01
-5.074406327050343668e-01 8.998308176282100723e-02 2.047211649016761892e-01
-5.085555030693031942e-01 8.748360301218165158e-02 2.045329240985758190e-01
-5.088465796953398623e-01 9.052809282221695175e-02 2.044702406069319467e-01
-5.104442624748006807e-01 8.660805415872972757e-02 2.044813102462981480e-01
-5.111205811252421682e-01 8.955376703375229896e-02 2.045163798003010180e-01
-5.124506270133147856e-01 8.433384191240241023e-02 2.043815993020983712e-01
-5.129605617362162917e-01 8.580413327241438737e-02 2.044457675826122089e-01
-5.143357379028717924e-01 8.230654832312903069e-02 2.044129748505065514e-01
-5.144410080058227086e-01 8.629967421189234378e-02 2.045207287009225272e-01
-5.161193959153596023e-01 8.754884345946327417e-02 2.046944089798113653e-01
-5.161626816010089769e-01 8.759117417485459689e-02 2.046554112531251690e-01
-5.184627477761716285e-01 8.552168130100977483e-02 2.046499895231572719e-01
-5.197706641713045750e-01 8.227043872238699873e-02 2.043457019695101573e-01
-5.207380207491522084e-01 8.086854796870161788e-02 2.043295411144621654e-01
-5.215471669871344362e-01 8.052187148325716526e-02 2.045738085146983909e-01
-5.221683611909200273e-01 8.071637763989226999e-02 2.047977321068997769e-01
-5.224112253940420558e-01 8.078659199088975007e-02 2.048333207542421264e-01
-5.225938279855851798e-01 8.072547640592421525e-02 2.047551810550189144e-01
-5.236030952427976892e-01 7.930210144491593727e-02 2.044947688121246665e-01
-5.251065656710626195e-01 7.697367564579976618e-02 2.042355563627892279e-01
-5.258468892930421301e-01 7.589507250283544781e-02 2.042512399670536327e-01
-5.261739900298012529e-01 7.568045547877789991e-02 2.045820474219501306e-01
-5.261854244734537334e-01 7.572103923884095089e-02 2.046345268913670190e-01
-5.263929377480571770e-01 7.550818580230482524e-02 2.047121160808395568e-01
-5.268039305052732990e-01 7.511663653096270488e-02 2.046661037484447943e-01
-5.276059373260660879e-01 7.384472127216876181e-02 2.046459793303547214e-01
-5.285986716137834884e-01 7.207829322738867894e-02 2.045542668336766956e-01
-5.290587262309057737e-01 7.112137453892394823e-02 2.045242798281642072e-01
-5.295896012742382641e-01 6.983833777241978125e-02 2.044173416917370867e-01
-5.298568315223115555e-01 6.861176345945649291e-02 2.043919304555815997e-01
-5.301303584305935290e-01 6.770929546768379714e-02 2.045783990702049471e-01
-5.304073058681473274e-01 6.711379666538827560e-02 2.047231430005074515e-01
-5.306462536820639730e-01 6.666311105950641080e-02 2.047340420394724858e-01
-5.308926998372874850e-01 6.618895441551309045e-02 2.046249191614106788e-01
-5.314501212965890842e-01 6.459651840694100033e-02 2.044463781035225913e-01
-5.317958885403544222e-01 6.338704073384669735e-02 2.044246688232927989e-01
-5.320693617382500351e-01 6.253510385573367303e-02 2.043814173196706052e-01
-5.321158375319439138e-01 6.214530837531822421e-02 2.045362454570047173e-01
-5.322590019359548785e-01 6.132551960429330484e-02 2.044596542214525969e-01
-5.325562025761494400e-01 5.972435964056975466e-02 2.045136654882447613e-01
-5.328442989643604744e-01 5.885505523729996080e-02 2.045711446120771770e-01
-5.332465368256665839e-01 5.748227986398043998e-02 2.045169561654655577e-01
-5.334180782827830924e-01 5.753511857380123190e-02 2.046480857704273126e-01
-5.334823128321176666e-01 5.680566966365685477e-02 2.045351220654140767e-01
-5.337615062460409066e-01 5.625209476008636439e-02 2.045710200774731868e-01
-5.341761992674738391e-01 5.464661207548063976e-02 2.045101175978659980e-01
-5.344600815927174065e-01 5.416325272516317457e-02 2.045811819223935790e-01
-5.348382050761091300e-01 5.240191167654634219e-02 2.044412962655558774e-01
-5.351335685597917724e-01 5.195525233659809700e-02 2.045624851520327636e-01
-5.354449209463113535e-01 5.021698726503336097e-02 2.043655835315840441e-01
-5.357266286541283451e-01 5.073510682468176242e-02 2.047542672836110966e-01
-5.361436507851461419e-01 4.857569937145691380e-02 2.044109224769259658e-01
-5.366257605502660066e-01 4.854365893217921224e-02 2.046140591231271066e-01
-5.372864032107489418e-01 4.745830965077948993e-02 2.047193808671184390e-01
-5.378669477902914275e-01 4.550414522554230290e-02 2.045273725779334639e-01
-5.379970020792129715e-01 4.520698931401277709e-02 2.045900221081112524e-01
-5.384317607390497473e-01 4.381231195199070116e-02 2.042981728836868738e-01
-5.386224441534700480e-01 4.425398777087567043e-02 2.046766869194608929e-01
-5.388524365615287026e-01 4.336000818682317348e-02 2.044308866825411131e-01
-5.393241229258700642e-01 4.360994642364862672e-02 2.049495584398560721e-01
-5.398628902040997213e-01 4.143326027834951658e-02 2.042364267736591632e-01
-5.409286960079776607e-01 3.943775223688904957e-02 2.041531621446948386e-01
-5.413053008153062562e-01 3.856635810536025721e-02 2.038014825568749133e-01
-5.418803978931525656e-01 3.763154317034361068e-02 2.040757973958254867e-01
-5.426447489430880067e-01 3.726497615315811640e-02 2.045350717010092634e-01
-5.431079437250566633e-01 3.683517470123008619e-02 2.049070116170337852e-01
-5.437730413720971434e-01 3.654164644268984713e-02 2.049262705305214260e-01
-5.439379041312175644e-01 3.572265332964242451e-02 2.048579259073750602e-01
-5.447409205143736166e-01 3.508643258832772754e-02 2.045625351530929448e-01
-5.451580907947669585e-01 3.377041583655362306e-02 2.044342502566846298e-01
-5.460551603725136705e-01 3.322630435158922119e-02 2.041651903187357842e-01
-5.473357763921682384e-01 3.152553721347899074e-02 2.042726764885990920e-01
-5.479991906665696577e-01 3.003051796233627280e-02 2.044955060354553544e-01
-5.483383820412481846e-01 2.902634638973397227e-02 2.047297926262781897e-01
-5.486513487195712191e-01 2.838150595212535210e-02 2.047769765666964115e-01
-5.487394920045292057e-01 2.836611408204040355e-02 2.047977217783166493e-01
-5.492371396736495104e-01 2.788370663844322653e-02 2.046411663668163960e-01
-5.495833257594494592e-01 2.766483777951031509e-02 2.045719416932348378e-01
-5.503614813109767301e-01 2.663698226751162398e-02 2.043792132043184273e-01
-5.507617867721691374e-01 2.597888148625170091e-02 2.043929121102719959e-01
-5.513929103133697884e-01 2.495467944158942519e-02 2.043791229030264833e-01
-5.519685242966801964e-01 2.350243528568139034e-02 2.044550941006774147e-01
-5.525370280552259761e-01 2.280677469000692500e-02 2.043830237860085886e-01
-5.532624459929283978e-01 2.142082852319802944e-02 2.044329911582551118e-01
-5.537940508188864408e-01 2.020040023220637596e-02 2.044517566940817765e-01
-5.542914714266022891e-01 1.909320918972804218e-02 2.045759376671808516e-01
-5.545681217761738724e-01 1.825423736068288935e-02 2.045486369940482940e-01
-5.547610073241074913e-01 1.772390515053106491e-02 2.046354668025532342e-01
-5.549609707851477225e-01 1.697877776587235904e-02 2.045118530119505729e-01
-5.555122145126291100e-01 1.529175714713251581e-02 2.044458954757155666e-01
-5.555223443881601719e-01 1.513060395128754641e-02 2.044408709507792576e-01
-5.557284950107682642e-01 1.351227187391055608e-02 2.043629217133152431e-01
-5.557899304297188037e-01 1.392975670011377919e-02 2.046041201240417218e-01
-5.558982758920514300e-01 1.236965017751857215e-02 2.045247886132870452e-01
-5.562016348130689458e-01 1.028005200188844212e-02 2.044324752335612838e-01
-5.562361579180385984e-01 1.015501012733022006e-02 2.044365848765410942e-01
-5.566200462467997268e-01 9.695291857056987858e-03 2.043884786191700886e-01
-5.572212656967081568e-01 9.061683875222463144e-03 2.043729738135080798e-01
-5.578249223083964203e-01 8.296258398296526768e-03 2.042862843533772566e-01
-5.585324354277291237e-01 7.747904966786758191e-03 2.042905756898652225e-01
-5.591000661744061073e-01 7.181537965151699870e-03 2.042742798382749803e-01
-5.595778584941307754e-01 6.828909694539643006e-03 2.042965441609853883e-01
-5.601395050131725561e-01 6.348864405654091984e-03 2.042891369092705023e-01
-5.606988078261715414e-01 5.538347692615662628e-03 2.042029906326270627e-01
-5.609902371562884849e-01 5.476990870412962349e-03 2.042765405150414604e-01
-5.617661505464210947e-01 4.542799444675122388e-03 2.041484831062987393e-01
-5.624819636524933664e-01 3.877986325141282754e-03 2.041762543341181235e-01
-5.631233799981674171e-01 3.155529358073866798e-03 2.041419453806318507e-01
-5.639378740183378369e-01 2.128030879262951449e-03 2.040284828038268217e-01
-5.644410441945929557e-01 1.597971993133107333e-03 2.040784607503143833e-01
-5.648510877664559837e-01 1.084119920237524778e-03 2.039695253624985161e-01
-5.656923266963788111e-01 -5.516438796190015691e-05 2.039117109491874191e-01
-5.658875860677384795e-01 -3.219343875814905677e-04 2.039150781874168872e-01
-5.663810371543659405e-01 -9.071369993495288124e-04 2.038566022219718832e-01
-5.667723598779143002e-01 -1.633014644637690357e-03 2.039011520426719792e-01
-5.675114828946669077e-01 -2.827664515637763956e-03 2.037638719646245600e-01
-5.678577636439613441e-01 -3.354414039222703217e-03 2.038559714692891045e-01
-5.685781396238135388e-01 -4.614870790642777894e-03 2.037762085418398372e-01
-5.688453234652113277e-01 -5.067536681903778324e-03 2.038565027179943812e-01
-5.694150823059200839e-01 -6.193172783040372387e-03 2.037873170388984634e-01
-5.696948178190632817e-01 -7.057984753605654228e-03 2.038187138765376882e-01
-5.701040191348452080e-01 -7.968544323402219215e-03 2.037550670444471246e-01
-5.702233546941494202e-01 -8.908087939275858777e-03 2.037939237341242216e-01
-5.705552927536381436e-01 -9.926872563961046045e-03 2.037620501497712511e-01
-5.705274027449609431e-01 -1.063105167393989421e-02 2.037938902710297595e-01
-5.706673846674115147e-01 -1.180424805535954143e-02 2.037228562901760021e-01
-5.706172953090946631e-01 -1.254642980595177017e-02 2.038493058476300024e-01
-5.706175223022158516e-01 -1.363376643047703451e-02 2.037056159086169660e-01
-5.704292866099798243e-01 -1.490427713638236597e-02 2.037080789492956845e-01
-5.701467078168098723e-01 -1.615865336933590066e-02 2.037594052503037823e-01
-5.699505377341832491e-01 -1.692460947701734247e-02 2.038032547988646581e-01
-5.696177416616848843e-01 -1.812803847984403860e-02 2.037954184991220552e-01
-5.694421417470836300e-01 -1.877441864667728916e-02 2.038412168455350781e-01
-5.690476917115171451e-01 -2.002720267053815714e-02 2.038690323215869571e-01
-5.684003435300788443e-01 -2.199158287520272190e-02 2.039076255030027596e-01
-5.678443776959068989e-01 -2.367009066888712057e-02 2.039345262962438399e-01
-5.672214819789018758e-01 -2.552249068022780995e-02 2.039758305453682752e-01
-5.665169404032383005e-01 -2.756959033321491545e-02 2.040126323956371890e-01
-5.658975305256238597e-01 -2.937308946967551182e-02 2.040389846179469502e-01
-5.655959124702166774e-01 -3.036372577389016836e-02 2.040590438499502168e-01
-5.651044171990964315e-01 -3.191597770353968300e-02 2.040790215072350311e-01
-5.647420951861431559e-01 -3.310492874945190900e-02 2.040962401866520948e-01
-5.642619537725991341e-01 -3.468611410801148570e-02 2.040822859369953168e-01
-5.637623483620340936e-01 -3.627608207355449699e-02 2.041128793893560445e-01
-5.634905307543150998e-01 -3.726335348454297425e-02 2.041136873901501780e-01
-5.631274672448856045e-01 -3.851745212450707195e-02 2.041283226391149008e-01
-5.626890983678324298e-01 -4.006867128044679788e-02 2.041374300855260393e-01
-5.624217502989991013e-01 -4.127221134399945701e-02 2.041915576589335979e-01
-5.620944069174558244e-01 -4.256489167781543626e-02 2.041638390753971743e-01
-5.618343340715928891e-01 -4.351112672566358197e-02 2.041973076820116639e-01
-5.614662330049696726e-01 -4.478368784651916984e-02 2.042118035385669106e-01
-5.612739501638812634e-01 -4.547307464815483063e-02 2.042253122956334821e-01
-5.608523610245390589e-01 -4.672925955958095318e-02 2.042368298916751312e-01
-5.605464933473462974e-01 -4.774198656475869135e-02 2.042504645303574728e-01
-5.602969846425357447e-01 -4.845657442118454783e-02 2.042468090602392872e-01
-5.599340620823691772e-01 -4.944598136617844170e-02 2.042806320078749682e-01
-5.593441371808783869e-01 -5.101045973772496550e-02 2.042400688754256455e-01
-5.592524963999215837e-01 -5.120296025247417920e-02 2.043105107774531581e-01
-5.586911256049048591e-01 -5.273985937043651484e-02 2.042325070323296743e-01
-5.582548071249919808e-01 -5.427916371428728043e-02 2.042479290541789616e-01
-5.581208594765674214e-01 -5.453436535959915732e-02 2.042517347409475714e-01
-5.576820741030356077e-01 -5.619296350868862450e-02 2.042318724759871196e-01
-5.573062139443372143e-01 -5.779787403790549033e-02 2.042399731843864419e-01
-5.569628635590345711e-01 -5.927483320167256653e-02 2.042168918784426079e-01
-5.567467862295223391e-01 -6.068192898384471012e-02 2.042065167781635382e-01
-5.566655995037737004e-01 -6.105635803715449977e-02 2.042392318467681211e-01
-5.564298228427005943e-01 -6.259320389343017710e-02 2.042341316712268373e-01
-5.562981867565751637e-01 -6.357717990399462671e-02 2.042557515961599957e-01
-5.561550280526538215e-01 -6.467071975094706993e-02 2.042256219212694734e-01
-5.560826023799869677e-01 -6.542451255051705272e-02 2.042330339326474953e-01
-5.559687915638513722e-01 -6.626921984047542957e-02 2.042306750093819401e-01
-5.558333895556708537e-01 -6.710472925689735246e-02 2.042480864822194819e-01
-5.556595058635931395e-01 -6.797822382525578466e-02 2.042144713453214466e-01
-5.553438296258889073e-01 -6.956587820743845296e-02 2.041929292665888573e-01
-5.552136917499168600e-01 -7.018386213205086988e-02 2.041945623459935910e-01
-5.547939295830438544e-01 -7.180915228671552741e-02 2.041800885882163463e-01
-5.545353010251403703e-01 -7.291366260671064414e-02 2.042279638113983498e-01
-5.541348167347305287e-01 -7.410254525624689059e-02 2.041825604312043352e-01
-5.537166267966209254e-01 -7.545265880659994540e-02 2.041387225332709776e-01
-5.535546098094132894e-01 -7.583001374264400352e-02 2.041500364690277403e-01
-5.531700175690026366e-01 -7.715379146930202714e-02 2.041547863873258983e-01
-5.530913919819872016e-01 -7.738046892928084064e-02 2.041298618536070697e-01
-5.526402772709513300e-01 -7.903282848063368504e-02 2.040895562610163527e-01
-5.525720066728391222e-01 -7.914033580731996698e-02 2.041438835200153068e-01
-5.521639857352896863e-01 -8.072417313654610405e-02 2.040909974316273412e-01
-5.520557487632358207e-01 -8.108384725415399008e-02 2.041931272707556422e-01
-5.517105120346685876e-01 -8.269769935504556191e-02 2.041538682483398925e-01
-5.516535482150783931e-01 -8.304047100687392269e-02 2.042050020540349120e-01
-5.514630762606139713e-01 -8.443675284659567237e-02 2.041795749797739867e-01
-5.513569364628679859e-01 -8.544064207224562335e-02 2.041892500392803456e-01
-5.512647922321242122e-01 -8.669959823316518432e-02 2.041976986287957763e-01
-5.511837394478014129e-01 -8.746835837755012610e-02 2.041524894348172581e-01
-5.511779328267834011e-01 -8.825275602464474622e-02 2.041849546733909837e-01
-5.511275671866265879e-01 -8.886469440379740625e-02 2.041900870546643765e-01
-5.510596111299784772e-01 -9.035032542335985628e-02 2.042067785545837455e-01
-5.510527765273506295e-01 -9.039493919550775636e-02 2.042095223596837039e-01
-5.509210599800882235e-01 -9.141636186775622952e-02 2.041810566235559565e-01
-5.503424929654066045e-01 -9.202345787813823175e-02 2.042088969776079954e-01
-5.496261198352516697e-01 -9.360731818408715710e-02 2.042150292467816430e-01
-5.491086328203791389e-01 -9.501827233991126664e-02 2.042190795100648215e-01
-5.487699497197955356e-01 -9.609976262848102246e-02 2.042487538509965839e-01
-5.482601691169280977e-01 -9.762010978961038754e-02 2.042359895380223278e-01
-5.479044172098688215e-01 -9.892299219168212976e-02 2.042605079085302033e-01
-5.474018073037869581e-01 -1.004902877464618760e-01 2.042377261281620449e-01
-5.471382242473799007e-01 -1.014165478739266352e-01 2.042707781958285618e-01
-5.467242256213543650e-01 -1.028230750025454082e-01 2.042627133094058745e-01
-5.465438658267073313e-01 -1.035874764193868425e-01 2.042839997100281413e-01
-5.461629738170760140e-01 -1.048722736977860392e-01 2.042889613935339743e-01
-5.461013486955004215e-01 -1.049242336793507480e-01 2.042880123089225730e-01
-5.456283909057055848e-01 -1.065306498911661737e-01 2.042912328401626787e-01
-5.451884560244222300e-01 -1.078635509503285683e-01 2.042764433343542130e-01
-5.447490200980699138e-01 -1.092179288993256336e-01 2.042414775009884498e-01
-5.443196157939692581e-01 -1.107085329945624447e-01 2.042320707866104312e-01
-5.438865092350096964e-01 -1.120587507775119285e-01 2.042159858916359205e-01
-5.434272643985965656e-01 -1.133010201992601246e-01 2.042622773979248518e-01
-5.432203325176393482e-01 -1.138359465318373870e-01 2.042135364505049677e-01
-5.427865511497189654e-01 -1.148717744284042386e-01 2.041998869036355524e-01
-5.424501207229849298e-01 -1.157392647745993097e-01 2.041896881800350227e-01
-5.421064701170755784e-01 -1.165301920724268053e-01 2.041989975026226312e-01
-5.419319927472323606e-01 -1.170323648863229454e-01 2.041389723946144541e-01
-5.414660201921200899e-01 -1.183821080622073363e-01 2.041545947825565976e-01
-5.410051152282178144e-01 -1.194564634280722154e-01 2.041600157421969153e-01
-5.405384486236245456e-01 -1.206617599040838290e-01 2.041808729386299925e-01
-5.404079305274122058e-01 -1.211002040006177033e-01 2.041742351871574657e-01
-5.399639391602313321e-01 -1.222246061858671407e-01 2.041675984397650911e-01
-5.399060201304987094e-01 -1.225314154860752541e-01 2.041574347926413402e-01
-5.395964848735105290e-01 -1.239924895108451275e-01 2.040903382366826002e-01
-5.393746192017793151e-01 -1.249408005341189065e-01 2.041349327261993696e-01
-5.391670215170083491e-01 -1.259331866676851042e-01 2.040870172758088019e-01
-5.390675256668424620e-01 -1.264315115464526573e-01 2.041088212257637091e-01
-5.388330116221576871e-01 -1.275639064588032501e-01 2.040514927373768272e-01
-5.387878328097548408e-01 -1.279900108291811833e-01 2.040828103229050394e-01
-5.385309516351511894e-01 -1.291593966672695826e-01 2.040063417347771357e-01
-5.385052826418147420e-01 -1.296522992932307161e-01 2.040788190119622869e-01
-5.381774246239569015e-01 -1.314654314206832320e-01 2.039894947494028665e-01
-5.382583412140664603e-01 -1.314541615743052283e-01 2.040845353966570519e-01
-5.378946667280068983e-01 -1.331848420707981429e-01 2.038935186762182161e-01
-5.376914887177631774e-01 -1.349449602346453614e-01 2.038664759325894138e-01
-5.376542932285288678e-01 -1.352590990468069965e-01 2.038618102474975824e-01
-5.375311395722822683e-01 -1.368025525916725660e-01 2.038536490025159020e-01
-5.375287545413149903e-01 -1.370792894676289841e-01 2.038485869927368077e-01
-5.372618455479682975e-01 -1.389304595652938457e-01 2.038005387231638099e-01
-5.370863855264662590e-01 -1.402283072941519215e-01 2.037576898080927235e-01
-5.369659559898073420e-01 -1.411035886519883265e-01 2.037469871647921427e-01
-5.368742880246492044e-01 -1.420133695959687192e-01 2.037282100060360535e-01
-5.367126728351088172e-01 -1.431370741780887967e-01 2.036531142800415695e-01
-5.364804455457850008e-01 -1.442829599450270450e-01 2.036024081629168869e-01
-5.363377410881625673e-01 -1.452380953709523359e-01 2.036236814325515787e-01
-5.360721350643700145e-01 -1.463392682508239950e-01 2.035345105438514379e-01
-5.359343788909511908e-01 -1.469904832460651456e-01 2.035568047359809507e-01
-5.356506696775673593e-01 -1.481563846340981927e-01 2.034993462078487636e-01
-5.356159556987630799e-01 -1.483694011863156692e-01 2.035397587719613433e-01
-5.352909105862755368e-01 -1.494866263974923282e-01 2.034681572478010125e-01
-5.351011508975901387e-01 -1.500694603107999292e-01 2.034991185329975971e-01
-5.347927525277696992e-01 -1.509605463247376544e-01 2.034605637658447874e-01
-5.347038279981458642e-01 -1.512420133838847658e-01 2.034888005179709136e-01
-5.344625147525029485e-01 -1.520098905723601956e-01 2.034108912610112230e-01
-5.342906084482729190e-01 -1.526608661144082946e-01 2.034269585764827137e-01
-5.340870242543457325e-01 -1.534354032025137260e-01 2.034029808830986885e-01
-5.340470223105788783e-01 -1.536545534738553431e-01 2.034343595365561697e-01
-5.338666261729553275e-01 -1.544184474284428510e-01 2.033239021509524735e-01
-5.338657745494859164e-01 -1.546408632427432595e-01 2.033894217340138366e-01
-5.337182261326177679e-01 -1.554648653814780512e-01 2.032779583270484247e-01
-5.337841229637976248e-01 -1.555710649526992617e-01 2.033819047066597330e-01
-5.336770189019279798e-01 -1.565033721737492389e-01 2.032793683236806814e-01
-5.337049230134846001e-01 -1.568551958421828540e-01 2.033290890169698328e-01
-5.337308091307215729e-01 -1.576879897769585259e-01 2.032897668303369765e-01
-5.337177376107491433e-01 -1.585990256013199151e-01 2.032019390208084364e-01
-5.337974590502311267e-01 -1.594006828265768227e-01 2.031589129023426976e-01
-5.339510913825709082e-01 -1.603205399785798679e-01 2.031009225704335230e-01
-5.341061112809304401e-01 -1.612072972784788782e-01 2.030395718442841169e-01
-5.299213348472167073e-01 -1.626928357772902678e-01 2.035894845317109958e-01
-5.241050543644630855e-01 -1.646987817409992227e-01 2.046563342135908625e-01
-5.179406563906314709e-01 -1.675471214476310644e-01 2.055376938042754453e-01
-5.169198079344984320e-01 -1.695250340024200275e-01 2.053550544533359057e-01
-5.215721651609295240e-01 -1.699303172976376064e-01 2.041706629814341589e-01
-5.218255612481331740e-01 -1.697512669042699762e-01 2.042527802857350694e-01
-5.230167537888025242e-01 -1.709572965109140696e-01 2.031491942114518057e-01
-5.239217589899377581e-01 -1.701117359040723864e-01 2.047347528548756901e-01
-5.240252598592977096e-01 -1.713051448380168984e-01 2.039407265557281745e-01
-5.237582648443728228e-01 -1.718287344635330838e-01 2.033858406763406346e-01
-5.240368081168987890e-01 -1.751282487156514966e-01 2.038830526234589324e-01
-5.247203140798140097e-01 -1.783140884043227792e-01 2.047547858972377510e-01
-5.250609769446639152e-01 -1.789550771507269211e-01 2.050560854240802977e-01
-5.255378030580065696e-01 -1.788378123628730498e-01 2.051106053223471226e-01
-5.259454275109421983e-01 -1.786521224789248685e-01 2.046395628380391629e-01
-5.262980076419324638e-01 -1.794037924952787688e-01 2.040193953559179263e-01
-5.264781572588128622e-01 -1.807140247777523079e-01 2.039438612126272810e-01
-5.265734560554397037e-01 -1.818968898301317472e-01 2.041074836413902527e-01
-5.268838907266324423e-01 -1.829117962603625525e-01 2.045321953216482080e-01
-5.271148679838973949e-01 -1.837725269654355842e-01 2.046566709872529866e-01
-5.276247813819422428e-01 -1.844126680133575946e-01 2.049595533383248014e-01
-5.283077863844560795e-01 -1.860347347232458315e-01 2.046180369516245601e-01
-5.289422284939833130e-01 -1.874238552843249528e-01 2.043971821769680619e-01
-5.293684001372949144e-01 -1.881257397812203525e-01 2.042005811296673246e-01
-5.298705575863159600e-01 -1.893528652344689256e-01 2.041815461503979356e-01
-5.304277382733819657e-01 -1.907523116117979256e-01 2.043054405415445363e-01
