0.0000
1.0000
1.0000
1.0000
1.0000
1.0000
1.0000
1.0000
1.0000
1.0000
1.0000
1.0000
1.0000
1.0000
1.0000
1.0000
1.0000
1.0000
1.0000
1.0000
1.0000
1.0000
1.0000
1.0000
1.0000
1.0000
1.0000
1.0000
1.0000
1.0000
1.0000
1.0000
1.0000
1.0000
1.0000
1.0000
1.0000
1.0000
1.0000
1.0000
1.0000
1.0000
1.0000
1.0000
1.0000
1.0000
1.0000
1.0000
1.0000
1.0000
1.0000
1.0000
1.0000
1.0000
1.0000
1.0000
1.0000
1.0000
1.0000
1.0000
1.0000
1.0000
1.0000
1.0000
1.0000
1.0000
1.0000
1.0000
1.0000
1.0000
1.0000
1.0000
1.0000
1.0000
1.0000
1.0000
1.0000
1.0000
1.0000
1.0000
1.0000
1.0000
1.0000
1.0000
1.0000
1.0000
1.0000
1.0000
1.0000
1.0000
1.0000
1.0000
1.0000
1.0000
1.0000
1.0000
1.0000
1.0000
1.0000
1.0000
1.0000
1.0000
1.0000
1.0000
1.0000
1.0000
1.0000
1.0000
1.0000
1.0000
1.0000
1.0000
1.0000
1.0000
1.0000
1.0000
1.0000
1.0000
1.0000
1.0000
1.0000
1.0000
1.0000
1.0000
1.0000
1.0000
1.0000
1.0000
1.0000
1.0000
1.0000
1.0000
1.0000
1.0000
1.0000
1.0000
1.0000
1.0000
1.0000
1.0000
1.0000
1.0000
1.0000
1.0000
1.0000
1.0000
1.0000
1.0000
1.0000
1.0000
1.0000
1.0000
1.0000
1.0000
1.0000
1.0000
1.0000
1.0000
0.9999
0.9998
0.9996
0.9990
0.9987
0.9969
0.9934
0.9884
0.9768
0.9650
0.9554
0.9250
0.9178
0.8981
0.8731
0.8321
0.8063
0.7526
0.7350
0.6871
0.6622
0.6247
0.6052
0.5708
0.5570
0.5294
0.5209
0.5011
0.4869
0.4745
0.4715
0.4630
0.4611
0.4517
0.4426
0.4362
0.4325
0.4302
0.4324
0.4332
0.4350
0.4318
0.4313
0.4359
0.4340
0.4372
0.4396
0.4405
0.4431
0.4459
0.4509
0.4514
0.4557
0.4575
0.4594
0.4640
0.4731
0.4751
0.4827
0.4859
0.4892
0.4919
0.4937
0.4944
0.4882
0.4866
0.4789
0.4732
0.4670
0.4620
0.4579
0.4539
0.4523
0.4504
0.4487
0.4516
0.4521
0.4572
0.4608
0.4628
0.4654
0.4660
0.4692
0.4708
0.4748
0.4755
0.4788
0.4810
0.4791
0.4818
0.4792
0.4786
0.4744
0.4735
0.4629
0.4628
0.4612
0.4811
0.4974
0.5064
0.5111
0.5166
0.5113
0.5197
0.5213
0.5206
0.5143
0.5128
0.5143
0.5091
0.5154
0.5116
0.5035
0.4980
0.5023
0.4991
0.5005
0.5021
0.5058
0.5094
0.5150
0.5275
0.5425
0.5556
0.5819
0.5884
0.6147
0.6321
0.6508
0.6606
0.6833
0.6870
0.7130
0.7166
0.7554
0.7517
0.7835
0.8129
0.8163
0.8399
0.8417
0.8689
0.8812
0.8967
0.9037
0.9164
0.9300
0.9404
0.9520
0.9586
0.9681
0.9692
0.9773
0.9804
0.9858
0.9868
0.9890
0.9924
0.9939
0.9941
0.9957
0.9958
0.9968
0.9967
0.9975
0.9978
0.9979
0.9983
0.9985
0.9986
0.9986
1.0000
1.0000
1.0000
1.0000
1.0000
1.0000
1.0000
1.0000
1.0000
1.0000
1.0000
1.0000
1.0000
1.0000
1.0000
1.0000
1.0000
1.0000
1.0000
1.0000
1.0000
1.0000
1.0000
1.0000
1.0000
1.0000
