0.0000 0.0000
0.0000 0.0000
0.0000 0.0000
0.0000 0.0000
0.0000 0.0000
0.0000 0.0000
0.0000 0.0000
0.0000 0.0000
0.0000 0.0000
0.0000 0.0000
0.0000 0.0000
0.0000 0.0000
0.0000 0.0000
0.0000 0.0000
0.0000 0.0000
0.0000 0.0000
0.0000 0.0000
0.0000 0.0000
0.0000 0.0000
0.0000 0.0000
0.0000 0.0000
0.0000 0.0000
0.0000 0.0000
0.0000 0.0000
0.0000 0.0000
0.0000 0.0000
0.0000 0.0000
0.0000 0.0000
0.0000 0.0000
0.0000 0.0000
0.0000 0.0000
0.0000 0.0000
0.0000 0.0000
0.0000 0.0000
0.0000 0.0000
0.0000 0.0000
0.0000 0.0000
0.0000 0.0000
0.0000 0.0000
0.0000 0.0000
0.0000 0.0000
0.0000 0.0000
0.0000 0.0000
0.0000 0.0000
0.0000 0.0000
0.0000 0.0000
0.0000 0.0000
0.0000 0.0000
0.0000 0.0000
0.0000 0.0000
0.0000 0.0000
0.0000 0.0000
0.0000 0.0000
0.0000 0.0000
0.0000 0.0000
0.0000 0.0000
0.0000 0.0000
0.0000 0.0000
0.0000 0.0000
0.0000 0.0000
0.0000 0.0000
0.0000 0.0000
0.0000 0.0000
0.0000 0.0000
0.0000 0.0000
0.0000 0.0000
0.0000 0.0000
0.0000 0.0000
0.0000 0.0000
0.0000 0.0000
0.0000 0.0000
0.0000 0.0000
0.0000 0.0000
0.0000 0.0000
0.0000 0.0000
0.0000 0.0000
0.0000 0.0000
0.0000 0.0000
0.0000 0.0000
0.0000 0.0000
0.0000 0.0000
0.0000 0.0000
0.0000 0.0000
0.0000 0.0000
0.0000 0.0000
0.0000 0.0000
0.0000 0.0000
0.0000 0.0000
0.0000 0.0000
0.0000 0.0000
0.0000 0.0000
0.0000 0.0000
0.0000 0.0000
0.0000 0.0000
0.0000 0.0000
0.0000 0.0000
0.0000 0.0000
0.0000 0.0000
0.0000 0.0000
0.0000 0.0000
0.0000 0.0000
0.0000 0.0000
0.0000 0.0000
0.0000 0.0000
0.0000 0.0000
0.0000 0.0000
0.0000 0.0000
0.0000 0.0000
0.0000 0.0000
0.0000 0.0000
0.0000 0.0000
0.0000 0.0000
0.0000 0.0000
0.0000 0.0000
0.0000 0.0000
0.0000 0.0000
0.0000 0.0000
0.0000 0.0000
0.0000 0.0000
0.0000 0.0000
0.0000 0.0000
0.0000 0.0000
0.0000 0.0000
0.0000 0.0000
0.0000 0.0000
0.0000 0.0000
0.0000 0.0000
0.0000 0.0000
0.0000 0.0000
0.0000 0.0000
0.0000 0.0000
0.0000 0.0000
0.0000 0.0000
0.0000 0.0000
0.0000 0.0000
0.0000 0.0000
0.0000 0.0000
0.0000 0.0000
0.0000 0.0000
0.0000 0.0000
0.0000 0.0000
0.0000 0.0000
0.0000 0.0000
0.0000 0.0000
0.0000 0.0000
0.0000 0.0000
0.5712 1.0677
0.6738 1.0882
1.1096 1.3997
1.1267 1.4279
1.3465 1.6124
1.6353 1.9002
1.8414 1.8674
1.9364 1.9048
2.0728 1.9594
2.0612 1.9480
2.0727 1.9995
2.0965 2.1936
2.0705 2.1694
2.1048 2.1854
2.1089 2.2615
2.1125 2.2957
2.0754 2.3288
2.0953 2.2625
2.1038 2.2750
2.0917 2.3446
2.1022 2.3398
2.0934 2.3791
2.1019 2.3794
2.1175 2.3870
2.2144 2.4172
2.2702 2.3969
2.2303 2.4087
2.2303 2.4087
2.2208 2.4351
2.1900 2.5601
2.1981 2.5138
2.1389 2.6204
2.1480 2.5555
2.0086 2.6539
2.0225 2.6039
1.9399 2.6404
1.9202 2.6332
1.8288 2.6574
1.8754 2.6579
1.8758 2.6568
1.8750 2.6593
1.8751 2.6592
1.8751 2.6592
1.8762 2.6603
1.8795 2.6637
1.8971 2.6707
1.9253 2.6805
1.9380 2.6906
1.9523 2.6888
1.9548 2.6918
1.9548 2.6918
1.9559 2.6929
1.9550 2.6955
1.9455 2.7249
1.9459 2.7238
1.9262 2.7824
1.9125 2.8289
1.9129 2.8234
1.8155 2.8148
1.7958 2.8527
1.7498 2.8666
1.6780 2.9189
1.7196 2.9019
1.3901 2.9322
1.4479 2.9490
1.5063 2.9389
1.5063 2.9389
1.5679 2.9327
1.5350 2.9423
1.5160 3.0293
1.5575 2.9632
1.6094 2.9622
1.6771 2.9667
1.7821 2.9719
1.7328 2.9856
1.8315 2.9696
1.8920 2.9569
1.9703 2.9641
1.9066 2.9949
1.8658 3.1147
1.8759 3.0846
1.8724 3.0949
1.8360 3.2003
1.7918 3.1573
1.7378 3.1895
1.6592 3.2901
1.5757 3.3158
1.6449 3.2283
1.6428 3.2287
1.6377 3.2322
1.5925 3.2457
1.6159 3.2557
1.6138 3.2561
1.7127 3.2567
1.7680 3.1957
1.8292 3.1814
1.9446 3.0057
2.0370 3.0823
2.0144 3.0285
2.0745 3.0423
2.0694 3.0095
2.0776 3.0091
2.0768 3.0116
2.0597 3.0602
1.9382 3.1639
1.5535 2.9039
1.5256 2.9804
1.5252 2.9768
1.5229 2.9745
1.5149 2.9667
1.4918 2.9434
1.4968 2.9523
1.4882 2.9504
1.4874 2.9529
1.5348 2.9552
1.5031 2.9587
1.5030 3.0030
1.5890 2.9476
1.6002 2.9501
1.5691 2.9686
1.5660 2.9700
1.5703 2.9692
1.5695 2.9717
1.5695 2.9717
1.5695 2.9717
1.5658 2.9829
1.5579 3.0062
1.5539 3.0097
1.5483 3.0171
1.5419 3.0274
1.5354 3.0377
1.5309 3.0466
1.5264 3.0555
1.5222 3.0573
1.4550 3.0709
1.5023 3.0635
1.4397 3.0709
1.4788 3.0647
1.3776 3.0787
1.3824 3.0760
1.3204 3.0778
1.2968 3.0784
1.3229 3.0738
1.2137 3.0460
1.2766 3.0742
1.1834 3.0843
1.1659 3.0830
1.1739 3.0427
1.0608 3.0934
1.0273 2.9682
1.0318 3.0701
0.9706 3.0397
0.9174 2.9926
0.8560 3.0166
0.7384 2.9278
0.5486 2.8701
0.4542 2.7293
0.3747 2.8077
0.2064 2.6403
0.0172 2.5125
-0.1929 2.3913
-0.3543 2.3270
-0.5152 2.2700
-0.6060 2.2185
-0.7859 2.2614
-0.8774 2.2460
-0.9468 2.2091
-1.0559 2.1844
-1.0445 2.2571
-1.0955 2.1642
-1.1254 2.2218
-1.0720 2.1690
-0.9926 2.2688
-0.9946 2.2634
-0.9776 2.2342
-0.9225 2.2523
-0.8832 2.2565
-0.7751 2.1856
-0.6440 2.1295
-0.5755 2.0708
0.0000 0.0000
0.0000 0.0000
0.0000 0.0000
0.0000 0.0000
0.0000 0.0000
0.0000 0.0000
0.0000 0.0000
0.0000 0.0000
0.0000 0.0000
0.0000 0.0000
0.0000 0.0000
0.0000 0.0000
0.0000 0.0000
0.0000 0.0000
0.0000 0.0000
0.0000 0.0000
0.0000 0.0000
0.0000 0.0000
0.0000 0.0000
0.0000 0.0000
0.0000 0.0000
0.0000 0.0000
0.0000 0.0000
0.0000 0.0000
0.0000 0.0000
0.0000 0.0000
0.0000 0.0000
0.0000 0.0000
0.0000 0.0000
