0.2609 0.2564
0.2609 0.2556
0.2609 0.2547
0.2578 0.2510
0.2533 0.2468
0.2508 0.2442
0.2467 0.2403
0.2453 0.2384
0.2417 0.2346
0.2381 0.2311
0.2363 0.2288
0.2303 0.2228
0.2287 0.2216
0.2252 0.2175
0.2221 0.2160
0.2200 0.2122
0.2145 0.2066
0.2120 0.2042
0.2086 0.2005
0.2044 0.1962
0.2011 0.1934
0.1994 0.1912
0.1939 0.1857
0.1911 0.1835
0.1890 0.1806
0.1832 0.1754
0.1808 0.1730
0.1796 0.1713
0.1741 0.1660
0.1712 0.1636
0.1712 0.1627
0.1653 0.1573
0.1622 0.1544
0.1568 0.1486
0.1541 0.1467
0.1519 0.1441
0.1459 0.1387
0.1427 0.1355
0.1384 0.1318
0.1369 0.1301
0.1330 0.1260
0.1297 0.1230
0.1275 0.1210
0.1257 0.1192
0.1235 0.1169
0.1191 0.1125
0.1174 0.1113
0.1135 0.1074
0.1112 0.1055
0.1094 0.1038
0.1064 0.1010
0.1034 0.0983
0.1009 0.0960
0.0998 0.0952
0.0964 0.0919
0.0958 0.0917
0.0924 0.0882
0.0913 0.0877
0.0892 0.0856
0.0878 0.0846
0.0869 0.0838
0.0849 0.0820
0.0838 0.0811
0.0830 0.0805
0.0807 0.0783
0.0804 0.0785
0.0786 0.0768
0.0781 0.0768
0.0767 0.0755
0.0766 0.0758
0.0755 0.0749
0.0753 0.0750
0.0747 0.0747
0.0750 0.0752
0.0751 0.0754
0.0752 0.0757
0.0755 0.0762
0.0757 0.0766
0.0764 0.0776
0.0768 0.0780
0.0775 0.0790
0.0785 0.0801
0.0792 0.0810
0.0802 0.0822
0.0811 0.0833
0.0822 0.0844
0.0833 0.0858
0.0839 0.0867
0.0858 0.0890
0.0866 0.0897
0.0889 0.0925
0.0899 0.0934
0.0920 0.0958
0.0935 0.0975
0.0961 0.1002
0.0981 0.1023
0.1005 0.1047
0.1018 0.1063
0.1038 0.1086
0.1066 0.1117
0.1083 0.1135
0.1125 0.1179
0.1136 0.1188
0.1155 0.1212
0.1192 0.1251
0.1209 0.1267
0.1268 0.1330
0.1267 0.1323
0.1304 0.1367
0.1354 0.1417
0.1364 0.1423
0.1402 0.1468
0.1421 0.1486
0.1436 0.1505
0.1503 0.1572
0.1506 0.1572
0.1551 0.1625
0.1577 0.1649
0.1591 0.1665
0.1662 0.1742
0.1667 0.1740
0.1707 0.1786
0.1745 0.1824
0.1747 0.1825
0.1823 0.1908
0.1827 0.1904
0.1905 0.1989
0.1909 0.1985
0.1951 0.2034
0.1993 0.2076
0.1996 0.2077
0.2064 0.2151
0.2079 0.2161
0.2102 0.2189
0.2177 0.2266
0.2190 0.2270
0.2231 0.2315
0.2276 0.2361
0.2314 0.2396
0.2364 0.2446
0.2363 0.2441
0.2405 0.2491
0.2445 0.2523
0.2467 0.2551
0.2528 0.2614
0.2536 0.2615
0.2564 0.2648
0.2618 0.2702
0.2648 0.2727
0.2713 0.2793
0.2727 0.2799
0.2750 0.2825
0.2791 0.2868
0.2828 0.2903
0.2827 0.2899
0.2891 0.2964
0.2903 0.2969
0.2932 0.3004
0.2973 0.3038
0.2990 0.3058
0.3034 0.3103
0.3061 0.3126
0.3084 0.3147
0.3128 0.3192
0.3149 0.3208
0.3175 0.3233
0.3213 0.3269
0.3226 0.3280
0.3243 0.3297
0.3274 0.3328
0.3295 0.3345
0.3329 0.3379
0.3347 0.3393
0.3379 0.3422
0.3397 0.3437
0.3421 0.3460
0.3432 0.3469
0.3457 0.3493
0.3477 0.3510
0.3496 0.3527
0.3508 0.3538
0.3526 0.3555
0.3539 0.3565
0.3551 0.3575
0.3565 0.3588
0.3579 0.3600
0.3589 0.3608
0.3597 0.3615
0.3605 0.3622
0.3614 0.3630
0.3626 0.3640
0.3634 0.3645
0.3642 0.3651
0.3648 0.3655
0.3653 0.3657
0.3656 0.3660
0.3657 0.3659
0.3659 0.3660
0.3660 0.3659
0.3660 0.3657
0.3659 0.3655
0.3654 0.3649
0.3655 0.3649
0.3649 0.3641
0.3639 0.3630
0.3641 0.3633
0.3631 0.3620
0.3634 0.3621
0.3631 0.3615
0.3616 0.3598
0.3611 0.3594
0.3597 0.3577
0.3592 0.3571
0.3576 0.3554
0.3572 0.3548
0.3552 0.3529
0.3540 0.3514
0.3527 0.3500
0.3515 0.3485
0.3499 0.3469
0.3482 0.3451
0.3455 0.3435
0.3449 0.3416
0.3437 0.3401
0.3422 0.3383
0.3399 0.3359
0.3385 0.3344
0.3381 0.3338
0.3344 0.3298
0.3333 0.3288
0.3296 0.3249
0.3287 0.3239
0.3252 0.3201
0.3239 0.3189
0.3203 0.3149
0.3196 0.3144
0.3184 0.3127
0.3167 0.3107
0.3126 0.3067
0.3106 0.3044
0.3090 0.3025
0.3027 0.2960
0.3022 0.2961
0.2973 0.2907
0.2958 0.2895
0.2940 0.2873
0.2891 0.2821
0.2882 0.2815
0.2830 0.2760
0.2818 0.2751
0.2803 0.2732
0.2746 0.2673
0.2730 0.2660
0.2721 0.2647
0.2696 0.2616
0.2646 0.2568
0.2626 0.2549
0.2588 0.2505
0.2548 0.2469
0.2538 0.2458
0.2511 0.2423
0.2457 0.2374
0.2444 0.2358
0.2389 0.2297
0.2353 0.2265
0.2295 0.2208
0.2236 0.2153
0.2205 0.2127
0.2183 0.2104
0.2123 0.2041
0.2124 0.2047
0.2073 0.1991
0.2046 0.1970
0.2017 0.1933
0.1967 0.1884
0.1941 0.1860
0.1878 0.1795
0.1859 0.1782
0.1841 0.1762
0.1773 0.1690
0.1760 0.1686
0.1716 0.1637
0.1687 0.1611
0.1664 0.1586
0.1621 0.1543
0.1605 0.1530
0.1543 0.1465
0.1528 0.1456
0.1487 0.1415
0.1450 0.1380
0.1409 0.1342
0.1376 0.1310
0.1340 0.1281
0.1310 0.1249
0.1277 0.1218
0.1266 0.1208
0.1218 0.1158
0.1215 0.1161
0.1187 0.1129
0.1160 0.1108
0.1161 0.1107
0.1119 0.1061
0.1102 0.1049
0.1063 0.1012
0.1049 0.1002
0.1035 0.0988
0.0998 0.0954
0.0987 0.0948
0.0954 0.0915
0.0943 0.0911
0.0919 0.0885
0.0901 0.0871
0.0883 0.0856
0.0872 0.0847
0.0860 0.0837
0.0849 0.0827
0.0829 0.0810
0.0825 0.0809
0.0809 0.0795
0.0808 0.0797
0.0795 0.0785
0.0795 0.0789
0.0785 0.0780
0.0790 0.0787
0.0781 0.0779
0.0780 0.0781
0.0780 0.0784
0.0785 0.0792
0.0786 0.0793
0.0792 0.0801
0.0792 0.0803
0.0800 0.0813
0.0803 0.0817
0.0812 0.0830
0.0822 0.0841
0.0833 0.0853
0.0841 0.0863
