-2.499999999999999722e-01
-2.500049999583334737e-01
-2.500199993333421800e-01
-2.500449966251012124e-01
-2.500799893339021862e-01
-2.501249739605033717e-01
-2.501799460064795255e-01
-2.502448999746720304e-01
-2.503198293697380117e-01
-2.504047266988005394e-01
-2.504995834721973624e-01
-2.506043902043302851e-01
-2.507191364146133528e-01
-2.508438106285211799e-01
-2.509784003787362550e-01
-2.511228922063957203e-01
-2.512772716624372960e-01
-2.514415233090439017e-01
-2.516156307211878107e-01
-2.517995764882729470e-01
-2.519933422158758263e-01
-2.521969085275851397e-01
-2.524102550669394263e-01
-2.526333604994625004e-01
-2.528662025147970227e-01
-2.531087578289354934e-01
-2.533610021865486672e-01
-2.536229103634108917e-01
-2.538944561689228663e-01
-2.541756124487302704e-01
-2.544663510874393686e-01
-2.547666430114286507e-01
-2.550764581917558949e-01
-2.553957656471612658e-01
-2.557245334471653364e-01
-2.560627287152620890e-01
-2.564103176322065081e-01
-2.567672654393965415e-01
-2.571335364423489311e-01
-2.575090940142686913e-01
-2.578939005997114564e-01
-2.582879177183394770e-01
-2.586911059687691528e-01
-2.591034250325114918e-01
-2.595248336780036080e-01
-2.599552897647322558e-01
-2.603947502474474596e-01
-2.608431711804670705e-01
-2.613005077220715844e-01
-2.617667141389878327e-01
-3.499999999999999778e-01
-3.490000166665833126e-01
-3.480001333306666500e-01
-3.470004499797504360e-01
-3.460010665813365582e-01
-3.450020830729321197e-01
-3.440035993520555446e-01
-3.430057152662466802e-01
-3.420085306030827277e-01
-3.410121450801988918e-01
-3.400166583353171346e-01
-3.390221699162824787e-01
-3.380287792711080264e-01
-3.370365857380304697e-01
-3.360456885355763146e-01
-3.350561867526400395e-01
-3.340681793385753551e-01
-3.330817650933003971e-01
-3.320970426574175738e-01
-3.311141105023499009e-01
-3.301330669204938784e-01
-3.291540100153900195e-01
-3.281770376919130316e-01
-3.272022476464811480e-01
-3.262297373572864978e-01
-3.252596040745476813e-01
-3.242919448107844937e-01
-3.233268563311168520e-01
-3.223644351435885902e-01
-3.214047774895164022e-01
-3.204479793338660398e-01
-3.194941363556556002e-01
-3.185433439383881793e-01
-3.175956971605131685e-01
-3.166512907859185266e-01
-3.157102192544548602e-01
-3.147725766724909779e-01
-3.138384568035037514e-01
-3.129079530587017266e-01
-3.119811584876838184e-01
-3.110581657691349200e-01
-3.101390672015577055e-01
-3.092239546940429573e-01
-3.083129197570789182e-01
-3.074060534934000000e-01
-3.065034465888769599e-01
-3.056051893034479883e-01
-3.047113714620931502e-01
-3.038220824458516822e-01
-3.029374111828841976e-01
2.000000000000000111e-01
2.000000000000000111e-01
2.000000000000000111e-01
2.000000000000000111e-01
2.000000000000000111e-01
2.000000000000000111e-01
2.000000000000000111e-01
2.000000000000000111e-01
2.000000000000000111e-01
2.000000000000000111e-01
2.000000000000000111e-01
2.000000000000000111e-01
2.000000000000000111e-01
2.000000000000000111e-01
2.000000000000000111e-01
2.000000000000000111e-01
2.000000000000000111e-01
2.000000000000000111e-01
2.000000000000000111e-01
2.000000000000000111e-01
2.000000000000000111e-01
2.000000000000000111e-01
2.000000000000000111e-01
2.000000000000000111e-01
2.000000000000000111e-01
2.000000000000000111e-01
2.000000000000000111e-01
2.000000000000000111e-01
2.000000000000000111e-01
2.000000000000000111e-01
2.000000000000000111e-01
2.000000000000000111e-01
2.000000000000000111e-01
2.000000000000000111e-01
2.000000000000000111e-01
2.000000000000000111e-01
2.000000000000000111e-01
2.000000000000000111e-01
2.000000000000000111e-01
2.000000000000000111e-01
2.000000000000000111e-01
2.000000000000000111e-01
2.000000000000000111e-01
2.000000000000000111e-01
2.000000000000000111e-01
2.000000000000000111e-01
2.000000000000000111e-01
2.000000000000000111e-01
2.000000000000000111e-01
2.000000000000000111e-01
-2.499999999999999722e-01
-2.500049999583334737e-01
-2.500199993333421800e-01
-2.500449966251012124e-01
-2.500799893339021862e-01
-2.501249739605033717e-01
-2.501799460064795255e-01
-2.502448999746720304e-01
-2.503198293697380117e-01
-2.504047266988005394e-01
-2.504995834721973624e-01
-2.506043902043302851e-01
-2.507191364146133528e-01
-2.508438106285211799e-01
-2.509784003787362550e-01
-2.511228922063957203e-01
-2.512772716624372960e-01
-2.514415233090439017e-01
-2.516156307211878107e-01
-2.517995764882729470e-01
-2.519933422158758263e-01
-2.521969085275851397e-01
-2.524102550669394263e-01
-2.526333604994625004e-01
-2.528662025147970227e-01
-2.531087578289354934e-01
-2.533610021865486672e-01
-2.536229103634108917e-01
-2.538944561689228663e-01
-2.541756124487302704e-01
-2.544663510874393686e-01
-2.547666430114286507e-01
-2.550764581917558949e-01
-2.553957656471612658e-01
-2.557245334471653364e-01
-2.560627287152620890e-01
-2.564103176322065081e-01
-2.567672654393965415e-01
-2.571335364423489311e-01
-2.575090940142686913e-01
-2.578939005997114564e-01
-2.582879177183394770e-01
-2.586911059687691528e-01
-2.591034250325114918e-01
-2.595248336780036080e-01
-2.599552897647322558e-01
-2.603947502474474596e-01
-2.608431711804670705e-01
-2.613005077220715844e-01
-2.617667141389878327e-01
-3.499999999999999778e-01
-3.490000166665833126e-01
-3.480001333306666500e-01
-3.470004499797504360e-01
-3.460010665813365582e-01
-3.450020830729321197e-01
-3.440035993520555446e-01
-3.430057152662466802e-01
-3.420085306030827277e-01
-3.410121450801988918e-01
-3.400166583353171346e-01
-3.390221699162824787e-01
-3.380287792711080264e-01
-3.370365857380304697e-01
-3.360456885355763146e-01
-3.350561867526400395e-01
-3.340681793385753551e-01
-3.330817650933003971e-01
-3.320970426574175738e-01
-3.311141105023499009e-01
-3.301330669204938784e-01
-3.291540100153900195e-01
-3.281770376919130316e-01
-3.272022476464811480e-01
-3.262297373572864978e-01
-3.252596040745476813e-01
-3.242919448107844937e-01
-3.233268563311168520e-01
-3.223644351435885902e-01
-3.214047774895164022e-01
-3.204479793338660398e-01
-3.194941363556556002e-01
-3.185433439383881793e-01
-3.175956971605131685e-01
-3.166512907859185266e-01
-3.157102192544548602e-01
-3.147725766724909779e-01
-3.138384568035037514e-01
-3.129079530587017266e-01
-3.119811584876838184e-01
-3.110581657691349200e-01
-3.101390672015577055e-01
-3.092239546940429573e-01
-3.083129197570789182e-01
-3.074060534934000000e-01
-3.065034465888769599e-01
-3.056051893034479883e-01
-3.047113714620931502e-01
-3.038220824458516822e-01
-3.029374111828841976e-01
2.000000000000000111e-01
2.000000000000000111e-01
2.000000000000000111e-01
2.000000000000000111e-01
2.000000000000000111e-01
2.000000000000000111e-01
2.000000000000000111e-01
2.000000000000000111e-01
2.000000000000000111e-01
2.000000000000000111e-01
2.000000000000000111e-01
2.000000000000000111e-01
2.000000000000000111e-01
2.000000000000000111e-01
2.000000000000000111e-01
2.000000000000000111e-01
2.000000000000000111e-01
2.000000000000000111e-01
2.000000000000000111e-01
2.000000000000000111e-01
2.000000000000000111e-01
2.000000000000000111e-01
2.000000000000000111e-01
2.000000000000000111e-01
2.000000000000000111e-01
2.000000000000000111e-01
2.000000000000000111e-01
2.000000000000000111e-01
2.000000000000000111e-01
2.000000000000000111e-01
2.000000000000000111e-01
2.000000000000000111e-01
2.000000000000000111e-01
2.000000000000000111e-01
2.000000000000000111e-01
2.000000000000000111e-01
2.000000000000000111e-01
2.000000000000000111e-01
2.000000000000000111e-01
2.000000000000000111e-01
2.000000000000000111e-01
2.000000000000000111e-01
2.000000000000000111e-01
2.000000000000000111e-01
2.000000000000000111e-01
2.000000000000000111e-01
2.000000000000000111e-01
2.000000000000000111e-01
2.000000000000000111e-01
2.000000000000000111e-01
